voyage-4:22a1491d3f7603be34481c8c920c148149cd80fd4e421b378925e247e650f751
0.038551159
-0.047908239
0.022737697
-0.02395412
-0.008234228
-0.022456987
0.02301841
-0.016374884
-0.006830666
0.020024145
-0.009403862
-0.050528217
-0.035744034
0.008234228
0.038738299
0.022924839
0.04004829
-0.030691212
0.053522479
0.047721092
0.034246903
-0.061756711
-0.045662533
-0.011836703
-0.017310593
-0.037241165
-0.014316328
0.014409899
-0.06999094
-0.024889825
0.017965589
0.040609714
-0.053148199
-0.003298369
-0.018620582
-0.052773912
-0.019649863
-0.007111379
-0.040422574
-0.020211287
0.016000602
0.003228192
-0.032375488
0.041732565
-0.01207063
-0.027696948
-0.014129186
0.023579836
-0.032188345
-0.007204949
-0.030878356
0.028071232
-0.032562628
-0.016562026
-0.036305461
-0.015345606
0.081967995
0.012632054
-0.025825532
0.034246903
-0.003204799
0.051651064
-0.038738299
0.038176876
0.03518261
0.066622391
-0.005099607
-0.061382424
0.068119518
0.033872619
-0.007532447
-0.004701931
-0.018620582
-0.02067914
-0.020866282
0.004584968
0.014129186
0.009824932
-0.007532447
0.000088819
0.032375488
0.024141259
0.002327573
0.032749768
0.00790673
0.05951101
-0.016094172
0.014316328
0.004818895
0.010807425
0.005941744
-0.028445516
0.002584893
0.02067914
0.038176876
-0.00128075
-0.044539686
-0.008093872
-0.01207063
-0.016187744
-0.038551159
0.012819196
-0.005310141
0.013567762
-0.015813461
0.034434043
-0.064750977
0.004678539
-0.014409899
-0.018714154
-0.02180199
0.01338062
0.015252036
-0.016094172
0.061756711
-0.022737697
-0.042293988
-0.026574099
-0.009169935
-0.013193478
0.020304857
-0.046223961
-0.01155599
0.022831267
-0.022456987
-0.048656799
0.01197706
0.043416839
-0.006128886
-0.011462419
-0.006924237
0.044726826
0.029568365
0.029194081
-0.027509807
0.030316928
0.034434043
0.01338062
-0.029942648
0.029568365
0.001140394
-0.01936915
0.030878356
0.003859794
-0.014035616
-0.013942046
-0.004304255
0.007438876
0.026574099
-0.021146994
0.02545125
-0.007111379
0.047533952
-0.052399632
-0.011181707
-0.002257395
0.010526712
-0.066622391
-0.01702988
-0.000467854
-0.070739508
-0.005356927
0.046972528
-0.021521278
0.062505275
0.041358281
0.037615448
-0.044539686
-0.030316928
0.058013879
-0.02545125
0.005356927
-0.023860546
0.077102318
-0.012819196
-0.013099908
0.025825532
-0.020304857
0.055019613
-0.022363413
0.007204949
-0.022550557
-0.014877752
-0.011275278
0.005356927
0.026574099
0.085336544
-0.02545125
-0.046036821
0.029942648
0.00547389
0.026012676
-0.055768184
-0.017217021
0.015626319
-0.001766148
0.014129186
-0.00573121
-0.058388162
0.010760639
-0.109290659
-0.012444912
0.01155599
-0.006783881
0.065499537
-0.020959852
0.016842738
0.018714154
0.062879562
0.02180199
-0.009591004
-0.015158464
-0.01693631
0.007766374
-0.029942648
-0.01085421
-0.080470867
-0.055768184
0.012632054
-0.024515543
0.02311198
0.014409899
0.010386355
0.013567762
-0.047159672
-0.010994566
-0.028632656
-0.030878356
0.004163899
0.021989131
-0.054271046
-0.022269843
0.026199816
0.043042555
0.045101114
0.014690612
0.063253842
-0.042855415
0.020866282
-0.003953365
0.015345606
0.026012676
-0.024515543
-0.018714154
0.020959852
-0.03518261
0.023766976
0.023579836
0.036305461
-0.016094172
0.020959852
-0.005777995
0.014222758
0.036866885
-0.009965288
0.010105643
0.005006036
0.025638392
0.023673406
0.065873824
0.037615448
0.007158164
0.013099908
0.055768184
-0.050153933
-0.027322665
0.02395412
0.004538183
0.039299726
-0.065499537
0.024141259
0.007392091
-0.01927558
-0.009263506
0.016000602
0.013661332
-0.077476598
-0.001193027
-0.026574099
-0.002772034
0.067370951
0.033872619
0.025638392
-0.008000301
0.006549954
0.046223961
-0.033498336
0.014129186
0.019088438
-0.02170842
0.034808327
-0.036492601
-0.007672803
-0.021334136
-0.014597041
0.018059159
-0.029568365
0.003929973
0.01702988
-0.071488068
0.074482329
0.000540956
-0.028258372
-0.002748641
0.000314339
0.030129788
0.015064894
-0.01927558
0.017310593
0.044352546
0.034059759
0.036492601
-0.004234077
0.003625867
-0.017591305
0.03986115
-0.023860546
0.045849677
0.021521278
-0.005427105
0.022363413
-0.02545125
0.039112583
0.005777995
-0.005497283
0.035556894
-0.010386355
-0.057639595
0.022644127
0.001532221
-0.046223961
0.003602475
0.015064894
-0.044726826
0.003813009
0.037615448
-0.033498336
0.007064593
-0.056516744
-0.011509205
-0.005146392
0.022644127
0.00851494
-0.029568365
0.026761239
0.058388162
0.029381223
0.008608511
-0.010058858
-0.022737697
0.047159672
0.052399632
-0.07036522
-0.01833987
0.023299122
-0.046036821
0.041171137
0.009544219
-0.002631678
0.039112583
-0.001298294
0.027135523
-0.002023468
-0.03986115
-0.028632656
0.035931177
-0.02311198
0.020398429
-0.007111379
0.003134621
0.008561726
0.011322063
0.007017808
0.007719589
-0.019088438
-0.038176876
0.038551159
0.009918502
-0.037989732
0.017872017
-0.033124052
0.039299726
-0.046411105
-0.012725625
-0.030878356
0.004023543
-0.009544219
0.002503018
0.008140657
-0.053896766
0.003438726
-0.074482329
-0.013848474
0.014690612
-0.020211287
0.03499547
0.032001205
0.016281314
0.025076967
0.052399632
0.007859945
0.004959251
0.001005886
-0.013474192
0.004187292
-0.029194081
-0.030129788
0.047346812
-0.021146994
-0.000549728
0.007953515
0.000605286
-0.002163824
0.0121642
0.006877452
-0.000421068
-0.029942648
-0.010947781
0.023205552
-0.000535108
-0.004140506
-0.004842287
0.025825532
0.007953515
-0.031814061
0.004655146
-0.058013879
-0.022924839
0.090202227
0.019930575
0.001304143
0.022176273
0.038925443
-0.003017657
0.050528217
-0.007111379
0.021989131
0.008608511
0.044165406
0.040609714
-0.004795502
-0.013006338
0.011649561
-0.012444912
-0.015345606
0.028819798
0.037802592
-0.014222758
-0.00790673
0.045101114
-0.02395412
-0.003532297
0.013193478
0.034246903
-0.023579836
0.033124052
-0.033872619
-0.000260244
-0.015907031
0.011275278
0.044539686
0.029942648
-0.004818895
-0.004234077
0.038551159
-0.007485662
-0.048656799
-0.022924839
0.087956525
-0.012444912
0.048282519
0.001011734
-0.037615448
-0.000555576
0.036118317
-0.002935783
0.028445516
-0.018433442
0.022644127
-0.026574099
-0.006596739
0.007719589
0.026574099
0.027696948
0.026386956
-0.002234002
-0.029006939
0.03986115
-0.022644127
-0.001187179
-0.014971324
-0.058013879
-0.028632656
0.021334136
0.012351342
0.032188345
-0.011836703
0.014129186
-0.028258372
-0.016187744
-0.047159672
-0.018901296
-0.051276784
-0.005707817
-0.012819196
-0.017872017
0.045849677
-0.042481132
-0.061008144
-0.011789918
-0.043978263
-0.006175671
0.035931177
0.003859794
-0.036118317
-0.02067914
0.031439781
-0.031439781
0.010245999
0.000168866
-0.01693631
0.036118317
0.0121642
-0.065873824
0.006877452
-0.001111153
-0.058013879
0.010479926
-0.040422574
0.008982794
-0.013567762
-0.034621187
-0.003368548
-0.031065496
-0.014690612
0.048656799
0.015532748
0.031439781
-0.055019613
-0.031439781
0.036305461
0.018433442
0.062130991
0.061008144
-0.021053424
0.008047086
0.053522479
0.002725249
-0.031626921
-0.081967995
-0.000546804
-0.030316928
-0.020585569
-0.062879562
0.004140506
0.045662533
0.007766374
-0.004982644
-0.001386017
-0.075979464
0.014409899
-0.007579232
0.007158164
-0.006596739
0.042106848
0.009918502
-0.003813009
-0.013193478
-0.019182008
0.007204949
-0.058762446
-0.024141259
0.017497735
0.017684877
-0.046036821
0.02067914
0.03518261
0.025076967
-0.052025352
0.005169785
0.013099908
-0.028445516
0.024702683
-0.02067914
-0.043978263
-0.03986115
0.009169935
-0.005006036
-0.039112583
-0.037989732
0.011322063
0.057639595
0.022269843
-0.04004829
-0.016562026
-0.017872017
-0.026574099
0.05464533
-0.03986115
0.05464533
-0.00092986
0.01328705
0.041919705
0.028071232
-0.048282519
-0.003766224
0.045662533
-0.001450347
-0.005801388
0.033311196
0.003181406
0.008702082
0.018059159
0.037802592
0.024889825
-0.029568365
-0.026199816
-0.025076967
-0.03499547
0.037989732
-0.056516744
-0.028819798
0.020398429
-0.009544219
-0.05951101
0.016655598
-0.031626921
-0.009169935
0.007392091
0.024141259
-0.035744034
0.045101114
-0.014690612
0.013754903
0.005918351
-0.04004829
-0.036118317
0.007111379
0.005123
0.003298369
0.041919705
-0.003485512
0.014784182
-0.031626921
-0.032936912
-0.010760639
0.000722249
-0.053896766
-0.008187442
-0.010012073
0.058388162
0.006128886
0.022456987
-0.006737096
-0.015626319
-0.000026865
0.05913673
-0.005661032
-0.008842438
0.06999094
0.065125257
-0.028819798
0.002877301
-0.011836703
0.057265311
-0.007251735
0.017778447
-0.016000602
-0.031814061
-0.035369754
-0.009029579
-0.028071232
-0.000482474
-0.034246903
-0.006269242
-0.031814061
-0.06999094
0.077850886
-0.062505275
-0.011088137
-0.055393897
-0.008889223
-0.020491999
0.022644127
-0.030316928
-0.003742831
0.007204949
0.000013158
0.043791123
-0.003555689
-0.001883112
-0.00291239
0.044726826
-0.036866885
0.010152428
-0.059885297
0.046036821
-0.018152731
-0.050528217
0.014409899
0.04977965
0.032001205
0.000660844
-0.007485662
0.043229699
-0.016374884
0.009076365
-0.004584968
-0.017778447
-0.018807724
0.013006338
-0.031439781
-0.00062283
0.019743433
0.023673406
-0.008936008
-0.004631753
-0.021053424
-0.025264109
0.027322665
-0.041358281
0.065125257
-0.015158464
-0.05951101
-0.020866282
0.02395412
0.001906505
-0.0121642
-0.025638392
0.051651064
0.013099908
0.03518261
-0.017872017
0.003298369
0.020211287
-0.009731361
-0.004959251
-0.009591004
-0.003298369
-0.040609714
-0.025638392
-0.046223961
0.001941593
0.011836703
-0.053522479
0.015719891
-0.026012676
0.01207063
0.061008144
0.047721092
0.047721092
-0.044726826
0.037802592
-0.008842438
-0.011883488
0.025825532
-0.063628122
0.054271046
0.001093608
0.023860546
-0.017217021
0.024328399
-0.059885297
0.028632656
0.055019613
-0.018994866
0.021895561
-0.014690612
0.031814061
-0.050153933
-0.029568365
-0.011181707
-0.010012073
-0.019930575
0.002807123
-0.028258372
0.007953515
0.012444912
0.030691212
0.030316928
-0.038551159
0.024702683
-0.005427105
0.02395412
0.028258372
-0.003228192
-0.044352546
0.032001205
-0.023766976
-0.022082703
-0.00790673
-0.073733769
-0.001543918
0.032562628
-0.008421369
-0.000476626
0.00669031
0.009029579
-0.037802592
0.056516744
0.020585569
0.028632656
0.017217021
0.004234077
0.00851494
0.043978263
-0.043229699
-0.058388162
-0.00912315
0.022363413
-0.016468456
0.014971324
0.042481132
0.006316027
0.003625867
0.042668272
-0.018714154
0.038364016
0.006503169
-0.007813159
-0.032375488
0.008327799
-0.01207063
0.003976758
0.009310291
-0.024702683
-0.013661332
-0.061382424
0.0121642
0.037989732
-0.011368848
-0.061382424
-0.033124052
0.017123451
0.009591004
0.013006338
0.008702082
0.034434043
0.026948383
-0.069242373
0.008093872
0.015252036
0.038551159
0.013754903
0.00364926
0.017404163
-0.042106848
0.045101114
0.041358281
-0.056891032
0.007438876
0.032936912
0.014222758
0.043603979
0.046223961
0.052399632
0.044913974
-0.025638392
0.046972528
-0.013193478
-0.019743433
0.012912766
-0.06999094
-0.03986115
-0.02067914
-0.00390658
0.063628122
-0.008936008
0.043042555
0.020959852
0.034621187
0.014129186
-0.002514715
0.005567461
-0.027135523
0.068868086
-0.018901296
0.013942046
0.01207063
-0.086085111
0.024515543
0.020211287
-0.013754903
-0.05913673
-0.068119518
0.018527012
0.010105643
0.032375488
-0.060259577
0.004117114
-0.01927558
-0.007017808
-0.006409598
-0.018246301
-0.003976758
-0.05464533
0.020117717
-0.001292446
0.075230896
0.007392091
0.001386017
0.033124052
-0.014316328
0.001555614
0.076353751
-0.044352546
-0.046598244
-0.018246301
-0.050902501
0.013006338
0.030504072
0.009216721
-0.027696948
0.004818895
0.009450648
0.030129788
-0.031439781
-0.031626921
-0.046223961
0.024702683
-0.011509205
0.01338062
0.007532447
0.01702988
0.024328399
-0.023860546
-0.091325067
-0.034059759
0.063628122
0.002795427
0.031065496
0.051276784
0.037802592
-0.044539686
-0.02170842
0.016000602
0.014597041
-0.045288254
0.014316328
0.025825532
-0.018901296
-0.025638392
-0.013193478
0.007438876
0.017497735
-0.026574099
0.037054025
-0.0016024
0.024702683
0.013006338
0.028445516
0.042481132
-0.029006939
0.023205552
0.007719589
0.026948383
-0.022082703
0.038551159
0.010713854
-0.011322063
-0.014316328
-0.027322665
-0.03499547
0.034621187
0.006549954
-0.060259577
0.043229699
-0.009169935
0.030691212
0.005918351
0.024328399
0.028071232
-0.021521278
-0.04977965
-0.040796857
0.009871717
-0.014971324
0.037428308
-0.03499547
0.010526712
-0.028445516
0.000473702
-0.027135523
0.026012676
0.015907031
0.006830666
-0.024141259
0.000061771
-0.003181406
0.022831267
0.004842287
0.007672803
-0.004234077
-0.003859794
-0.014316328
-0.020585569
-0.037241165
0.020866282
0.00912315
0.002011772
0.005286749
-0.007392091
0.020866282
-0.037241165
0.010994566
0.044165406
-0.001660881
-0.003087835
0.050528217
-0.016187744
-0.044726826
0.034434043
-0.061756711
-0.005801388
0.002327573
-0.003274977
-0.017404163
0.008093872
0.01085421
0.002736945
-0.044352546
0.024702683
0.001520525
-0.009871717
