voyage-4:4196839f6e6c4a2ce14bd86ca1baf7241b4e2c3f32efffff72e7f22f0a0be5b5
0.000374901
0.006364991
-0.034657545
0.005065334
0.008864333
0.014796105
-0.012063492
-0.014662808
0.006398316
0.045321405
-0.019461544
-0.017195474
0.020794528
-0.051719721
0.032524772
0.019594843
-0.016395684
-0.024660176
0.051719721
0.00643164
0.000812286
-0.022527402
-0.060517404
-0.055718668
-0.032524772
-0.010330615
-0.007897921
0.023327192
-0.021594316
0.018128561
-0.026659651
0.045588002
-0.010863808
-0.018128561
-0.018261859
0.030791895
-0.020394633
-0.003299132
-0.000579014
0.013663071
-0.021327721
-0.021061122
-0.009464175
0.023327192
0.009464175
-0.057051647
-0.026659651
0.045854595
-0.027992632
-0.008231167
0.018395159
0.016062438
-0.047987368
-0.026659651
-0.044255022
-0.009397526
0.027326142
0.022927297
0.006231694
0.008930983
-0.000828949
0.049853548
-0.038656492
-0.003149171
0.006898184
0.029325616
-0.01292993
-0.015595895
0.055185474
-0.016195737
0.020394633
-0.035190739
-0.005231956
-0.046387792
-0.039189685
0.003299132
0.020128036
-0.022927297
-0.027992632
-0.034924142
0.065849334
-0.001741208
0.050653331
-0.044521615
0.012330088
0.035990529
-0.035990529
-0.000422805
-0.00919758
0.017995264
-0.057318248
0.045321405
-0.016595632
0.00906428
-0.000166623
-0.026126456
0.001957818
-0.008531088
0.002166097
-0.019728141
-0.061850384
-0.005798474
-0.001091379
0.030525297
-0.01286328
0.034124352
0.022927297
0.036790319
0.005098658
-0.003165833
0.012396737
0.024126984
-0.001357976
-0.004182233
0.050653331
0.050919931
0.028392527
-0.011863545
0.021461017
0.021461017
-0.055452075
-0.013596421
0.014996053
0.003515741
-0.083711296
-0.016595632
0.019994738
0.038389895
-0.057584841
0.036790319
0.008097868
0.040789265
0.043455232
0.042388842
-0.048520561
0.035723932
-0.002149434
0.033324562
-0.000953916
0.024393579
-0.031458385
-0.016262386
0.020128036
-0.0018995
0.010997105
-0.040256072
0.007431378
-0.046387792
-0.032924667
0.002699289
0.017328773
-0.044521615
-0.027592737
-0.020261334
-0.031325087
0.017328773
0.052252911
-0.00358239
-0.027459439
0.011730246
-0.011596948
-0.030392
-0.004898711
-0.025060071
0.033324562
0.004298869
0.07997895
-0.065582737
-0.01612909
0.043721825
0.021994211
-0.039989475
-0.057851441
-0.006898184
0.002432693
-0.043988422
-0.009997369
0.017728666
0.042122245
0.0056985
-0.012663333
-0.01059721
-0.008597737
0.017195474
-0.019594843
0.014729457
0.048520561
0.005998421
-0.060784001
-0.019594843
0.036523718
-0.027192842
-0.054385684
0.009530825
-0.043721825
-0.079445757
0.021994211
0.023993684
-0.008597737
-0.034124352
-0.046654385
-0.022660702
0.005365254
0.054385684
0.060250811
0.000533193
0.01059721
-0.025993157
0.025193369
-0.022660702
-0.03265807
-0.025060071
-0.036523718
-0.022927297
-0.013063228
-0.004932035
-0.001566254
-0.027726037
0.041055858
0.006998158
0.053052705
-0.016262386
0.013863019
-0.035723932
-0.028125929
0.031458385
-0.043455232
-0.064249754
0.028392527
-0.032258179
-0.046387792
-0.009797421
0.007164781
0.039456282
0.019194948
0.062116984
0.015595895
-0.007298079
-0.011397
0.011596948
-0.010130667
-0.006898184
-0.036523718
-0.003465755
0.015329299
0.002032798
0.003182496
0.000778962
0.026393052
-0.006498289
0.039989475
-0.004665439
-0.032791369
-0.010397264
0.004898711
0.003315794
0.017328773
0.047987368
-0.016062438
0.041589055
0.034124352
0.003032535
-0.017195474
-0.012596685
-0.008297816
-0.031991579
0.058651231
-0.036257122
-0.007264755
-0.055452075
-0.00091226
-0.026792947
-0.042388842
-0.051186528
-0.001707884
0.017861966
-0.043721825
-0.020261334
0.002565991
0.013929667
-0.00906428
0.027992632
0.082111716
-0.02959221
-0.019994738
-0.019728141
-0.006731562
0.058384631
0.001624572
-0.093308769
0.021061122
-0.011796894
-0.031858284
0.019194948
-0.034390949
-0.017328773
-0.002765939
0.011930194
-0.014262912
-0.044521615
0.035457332
-0.063983157
-0.017595369
-0.015196
0.028925721
-0.019861439
0.011730246
0.040522669
-0.008597737
0.049586948
0.035723932
0.035457332
0.063983157
0.041589055
0.013063228
0.031858284
-0.006664913
0.028525824
-0.024393579
0.01226344
0.050653331
-0.015062703
0.053052705
-0.017328773
0.002232746
0.01059721
-0.053852495
-0.036257122
0.057851441
0.008864333
-0.002915899
-0.012396737
-0.021061122
-0.040256072
0.003632377
0.005465228
-0.047987368
-0.015462596
-0.041855648
0.013196526
0.025060071
0.004432166
0.021327721
-0.016795579
0.01226344
0.016462334
-0.006098395
0.017995264
0.008864333
-0.057051647
0.017195474
0.018928351
-0.032391474
0.006298342
0.013729719
-0.055452075
0.024526879
-0.003465755
0.030125406
0.049586948
-0.004698763
0.019461544
0.031058492
-0.071447864
-0.004632114
0.016462334
-0.020527929
0.014796105
0.016995527
-0.018528458
-0.006898184
0.077846177
-0.007964571
0.009397526
-0.034390949
-0.052786104
0.010997105
-0.021860912
0.02879242
0.00401561
0.0056985
0.026926247
-0.040789265
0.018795053
0.00453214
-0.016928878
0.019328246
-0.040789265
0.039989475
-0.061317194
-0.013596421
-0.025993157
-0.019328246
0.020394633
0.010797158
0.050386738
0.027059544
0.027059544
0.009664123
0.010330615
0.021061122
-0.009397526
-0.016395684
-0.000795624
0.00906428
0.030791895
-0.019328246
0.020927824
0.023860388
-0.023727089
0.064516358
-0.020661229
-0.046920985
0.01292993
-0.007631324
0.004265544
0.025326665
0.001258002
0.031591684
-0.030925192
-0.019194948
0.023193896
-0.034390949
-0.007631324
-0.000970578
-0.039456282
-0.024926774
-0.013596421
0.077846177
0.044788212
0.008997632
0.033857755
0.026659651
0.010263965
-0.00248268
-0.040789265
-0.018795053
0.017861966
-0.039456282
-0.006198369
-0.001649566
-0.003632377
0.013396474
-0.020394633
-0.040256072
0.011730246
0.018128561
-0.007164781
-0.03119179
0.058384631
-0.037323508
0.057584841
-0.043455232
0.034924142
0.013996316
-0.000587345
0.033857755
-0.017728666
0.004398842
-0.022394106
0.013996316
0.027059544
0.017062176
-0.034390949
0.066915721
0.035457332
-0.008497763
-0.048787158
0.041055858
-0.023860388
-0.019861439
-0.021994211
0.030925192
-0.015862491
0.008664386
0.026393052
0.050386738
0.013463124
0.032524772
-0.049053758
0.016195737
-0.002316057
-0.000374901
0.031591684
-0.025726561
-0.014529509
-0.031591684
0.017595369
-0.015196
-0.059717614
-0.007431378
-0.019061649
-0.003115847
-0.007664649
0.043455232
0.048520561
0.051186528
0.002124441
0.018395159
0.036523718
-0.028925721
-0.005831798
-0.016595632
0.005098658
-0.034924142
-0.046920985
0.041055858
0.020261334
-0.009530825
0.020261334
-0.017062176
0.00913093
0.035990529
0.006598263
-0.039456282
0.006764886
0.000364487
-0.026792947
-0.017861966
0.019994738
-0.018395159
0.029992105
-0.033057965
-0.014729457
0.001332983
-0.030258702
-0.013263176
0.027859334
-0.017995264
-0.013396474
-0.060784001
-0.012463387
0.022127511
0.013729719
0.027059544
0.077846177
-0.008664386
0.015929142
-0.026393052
-0.027859334
0.024260281
-0.053319301
0.007731298
0.076246597
-0.000995571
0.00686486
0.059717614
-0.019194948
-0.01213014
0.000953916
-0.040789265
0.005531878
-0.013729719
-0.017195474
0.039189685
0.000574849
-0.015795842
-0.011663596
0.035723932
-0.052252911
-0.010930456
-0.019861439
0.001208015
0.004198895
0.063449964
-0.015729193
-0.026526352
-0.0018995
0.007331404
0.023327192
-0.002982548
0.005498553
0.008864333
0.020927824
-0.033724457
-0.034657545
0.036523718
0.007364728
-0.024793474
0.029992105
0.010263965
0.003465755
0.005231956
-0.029325616
-0.004332193
-0.062383581
-0.021860912
-0.032124877
-0.00248268
-0.006764886
-0.020527929
-0.006831536
-0.02959221
0.024393579
0.011796894
-0.011330351
0.008364465
0.034657545
0.031458385
-0.012530035
-0.026792947
-0.056251857
0.007298079
0.033191264
-0.011596948
0.026393052
0.01213014
-0.021727616
0.035457332
0.025459966
-0.006898184
0.037323508
0.030392
0.008431114
-0.003199158
-0.007164781
-0.009530825
0.018928351
-0.020527929
-0.027992632
-0.052252911
-0.040256072
0.024126984
-0.051986314
-0.068248704
0.018795053
-0.037590105
-0.017328773
-0.018661754
0.042388842
-0.035990529
0.057318248
-0.023460492
-0.012996579
-0.038389895
0.004998684
-0.025726561
0.028392527
-0.036257122
0.045321405
0.004065596
0.021727616
-0.029059019
-0.038923088
-0.03345786
0.037323508
-0.057318248
-0.036790319
0.016662281
0.035990529
0.077846177
-0.018661754
0.031458385
0.044788212
0.047720775
0.010130667
0.03345786
0.005365254
-0.051986314
0.009264229
0.024393579
-0.011996842
0.025326665
-0.027992632
0.022394106
-0.071447864
0.020394633
-0.034124352
-0.051719721
-0.045588002
-0.000649829
-0.035723932
-0.000758134
0.000599842
0.000941419
-0.002149434
-0.008064545
0.08317811
0.044788212
-0.001249671
-0.043988422
-0.00986407
-0.010930456
-0.005198632
0.036790319
0.003565728
0.033857755
0.019728141
0.041855648
-0.048253968
0.049853548
-0.001183022
-0.025993157
-0.034390949
0.025859861
-0.07677979
0.059451021
-0.023593789
-0.046920985
0.036257122
0.086377263
-0.019194948
0.019061649
0.005765149
0.07518021
0.049586948
-0.026792947
-0.025326665
-0.067982107
0.017195474
-0.008364465
-0.016262386
-0.003532404
0.021327721
0.047720775
0.020661229
-0.009597474
-0.001799526
-0.006831536
0.052252911
0.002615978
0.017328773
-0.037590105
-0.033724457
0.007531351
0.006931509
-0.023727089
0.011063755
-0.022260807
-0.010530561
-0.014329562
0.008164518
0.007831272
0.018395159
0.004215557
0.033057965
0.016329035
-0.054119088
0.043988422
-0.014529509
-0.017462071
-0.032924667
0.064516358
-0.025993157
-0.033991054
0.008664386
-0.006598263
0.004298869
0.027459439
0.035457332
0.040522669
-0.011730246
-0.044521615
-0.037056915
-0.002832588
0.042655442
0.002682627
0.052786104
0.008364465
0.015729193
-0.013329825
0.018795053
-0.011663596
-0.005598526
-0.002432693
-0.032924667
0.039189685
0.016928878
0.024926774
-0.054385684
-0.038923088
0.013396474
0.034657545
-0.022927297
-0.029725511
0.038123298
-0.019728141
0.012996579
0.051719721
0.011063755
0.014529509
0.062383581
0.054119088
-0.017462071
0.02959221
0.016062438
-0.031991579
0.075713404
0.048253968
0.044521615
0.018795053
-0.060517404
-0.044521615
0.001466281
0.015395948
-0.009597474
0.014729457
0.026259756
0.016462334
0.005831798
-0.0018995
0.038656492
-0.038923088
0.031724982
-0.015929142
-0.023727089
-0.07677979
-0.046387792
0.017995264
0.026659651
-0.062116984
-0.008664386
0.012196789
-0.049053758
-0.003082522
0.025193369
-0.079445757
0.023060597
-0.020128036
-0.029325616
0.065049544
-0.002799263
-0.009530825
0.028125929
0.010463912
0.016662281
-0.018261859
-0.033324562
-0.013796369
-0.011730246
-0.016462334
-0.024926774
-0.005798474
0.019194948
0.054918878
0.038123298
0.032791369
0.034924142
0.023327192
-0.040522669
0.008197842
-0.042655442
0.055185474
0.022127511
0.047187578
-0.016462334
-0.044255022
0.046387792
0.005032009
-0.045854595
0.008997632
0.039722878
-0.008164518
0.004865386
-0.052519511
-0.011397
-0.011663596
-0.026526352
0.023727089
0.059451021
0.028659124
0.058651231
-0.011263701
-0.023460492
-0.011063755
0.023593789
0.020261334
-0.000154126
0.062383581
-0.024526879
0.032924667
0.042388842
0.006731562
0.051719721
-0.0056985
0.056251857
-0.011063755
0.014196264
0.008864333
-0.07518021
0.023593789
0.051986314
0.065849334
0.007364728
-0.060250811
-0.00906428
0.002949224
0.023327192
-0.032258179
0.040256072
-0.002649303
0.018128561
-0.034657545
-0.070381477
-0.02879242
-0.051986314
-0.035723932
0.03345786
-0.022260807
-0.00306586
-0.019728141
0.052786104
0.039189685
0.008531088
-0.003815662
-0.022260807
-0.014596158
0.007731298
-0.041589055
-0.024126984
0.049853548
0.015062703
-0.00993072
0.039722878
-0.013796369
0.033991054
-0.021327721
0.009797421
-0.001274665
0.050386738
-0.041855648
0.013729719
0.050120141
0.011063755
-0.014529509
-0.045588002
0.005565202
0.027992632
0.059184421
-0.005798474
-0.011996842
0.00533193
0.027192842
0.001291327
0.019061649
-0.044521615
0.035457332
-0.028925721
0.020394633
0.008597737
0.021727616
-0.019594843
0.008064545
0.026126456
0.038656492
0.008264491
0.039189685
-0.013863019
0.023727089
0.009597474
-0.002166097
-0.014996053
-0.046920985
-0.051719721
0.005965097
0.023593789
-0.033857755
0.018528458
0.005931772
-0.016195737
-0.034390949
-0.030658597
-0.011796894
0.055452075
-0.004798737
-0.009264229
0.002349382
-0.006031746
0.053585894
-0.043455232
-0.012729983
-0.005531878
0.025326665
-0.061850384
0.021860912
-0.019328246
-0.017195474
0.046920985
-0.030925192
0.028925721
-0.029325616
0.018128561
0.002665965
0.031058492
0.037056915
-0.050386738
0.054119088
-0.041055858
-0.045854595
-0.065049544
-0.017595369
0.033057965
-0.013263176
0.004732088
-0.000941419
0.039189685
-0.010997105
0.004398842
0.026526352
0.023860388
-0.01439621
0.002715952
0.041855648
0.017861966
-0.006331666
0.050653331
0.043188632
-0.004798737
0.091709189
0.035457332
-0.023593789
0.019194948
0.020661229
0.047987368
0.030925192
0.017195474
-0.003932298
0.01066386
-0.049053758
-0.011530299
-0.000845611
0.002982548
-0.038656492
-0.031991579
