voyage-4:7c89ab92cddd39c336eec0bed805731d13a1934be1b805d163a16e9e16bce061
0.005913074
-0.020184943
-0.019070437
0.012259566
-0.025633641
-0.002259971
-0.004303232
-0.050276607
-0.010463974
-0.004643775
-0.031453837
-0.032444511
-0.011268895
-0.001826552
0.059935659
0.047799926
-0.035664193
-0.029472493
0.071823724
0.041608226
0.004798568
-0.017584428
-0.048047591
-0.046561588
0.013250238
-0.010402056
0.012321484
0.01281682
-0.053991627
-0.015355417
0.00764675
0.054734632
-0.062412336
-0.011702313
-0.008173044
-0.035664193
-0.017089093
0.008606464
-0.043094233
0.013559823
0.010030555
0.01114506
0.007739625
0.053248622
-0.022042453
-0.044084907
-0.032939848
0.05250562
-0.027491149
-0.022042453
0.059687991
0.060678665
-0.051762614
-0.011330811
-0.037893206
-0.04458024
0.052257951
0.023652297
0.001346695
0.018698934
0.025509804
0.064393684
-0.074795738
0.019070437
0.039131548
0.061173998
-0.01095931
-0.053000953
0.051514946
-0.011330811
-0.00247668
0.021794785
-0.049038265
0.027243482
-0.060926329
0.006036908
0.003173246
-0.006377451
-0.021423284
-0.01343599
-0.015788836
-0.025509804
-0.001996823
-0.023899963
0.002708869
0.026995813
-0.019070437
0.023404626
0.06340301
0.031577673
-0.007306207
-0.026748145
0.022166288
0.053248622
0.012197649
0.027491149
-0.048047591
-0.008792214
-0.02229012
-0.021299448
0.015479251
0.014055159
0.001323476
0.006036908
0.014117077
0.026624311
-0.070337713
0.012321484
-0.034178186
-0.015355417
-0.038636211
0.005077194
-0.007213331
-0.02229012
0.029596327
-0.017212927
-0.036407195
-0.001114506
0.005355821
-0.000027693
0.026871979
-0.028977158
0.017584428
0.022166288
-0.009411384
0.000025879
0.03615953
0.023033125
-0.031082336
-0.031577673
0.02996783
0.056715976
0.01343599
0.021918619
-0.040122218
-0.004519941
0.031949174
0.014178994
-0.040122218
-0.017089093
-0.005665406
-0.046313919
-0.012011898
0.0371502
0.027738819
0.013559823
-0.023776129
0.029596327
0.020184943
0.003374477
0.062660009
0.015603084
0.027119646
-0.034425855
-0.036407195
0.022042453
-0.010711642
0.006748953
-0.017460596
0.02253779
-0.03615953
-0.030586999
0.03615953
0.004612816
0.046066251
0.014921998
0.066375025
-0.030586999
-0.016098421
0.021175615
-0.02043261
-0.034425855
-0.055725303
0.049038265
0.030091662
0.000673347
0.006036908
-0.006439368
0.009349467
-0.000739134
0.004705692
-0.047799926
0.040617555
-0.01300257
0.011206977
0.023280794
0.035664193
-0.018698934
0.019070437
0.025881307
-0.00329708
0.001215121
-0.027738819
-0.034921192
0.049533602
-0.008668381
0.020061109
-0.007244289
-0.066870362
-0.025262138
-0.036902532
0.019813441
-0.007027579
0.01300257
0.076777086
-0.024023796
0.014178994
0.039379213
0.053743958
0.003761458
-0.002523118
-0.030091662
-0.010649724
-0.002105178
-0.00289462
-0.01467433
-0.031701505
-0.038883876
0.057954315
-0.043094233
0.033187512
0.013807491
-0.001338955
0.00681087
-0.033435181
-0.02934866
-0.036902532
-0.039379213
-0.013745574
-0.005510613
-0.014736246
-0.006779911
-0.001408612
0.008606464
0.009039883
0.031082336
0.06340301
0.017708264
0.008606464
0.014055159
-0.031701505
0.065879695
-0.053248622
0.034425855
0.027738819
-0.008606464
0.003699541
0.028729491
0.045570914
-0.034921192
0.028729491
0.000851359
0.019194271
0.002414763
0.033187512
-0.054486964
-0.009844803
-0.005974991
0.041112892
-0.013312155
-0.013931326
0.015974587
-0.001903948
0.049533602
-0.044084907
-0.032444511
0.021175615
0.0123834
0.017584428
-0.063898347
0.027119646
0.036654867
-0.056468308
0.031206168
0.009659053
0.04458024
-0.034921192
-0.018946603
0.007306207
-0.015045831
0.06340301
0.011454646
0.024023796
-0.05820198
0.026871979
0.016222255
-0.037645537
0.015107748
0.003776937
-0.036654867
-0.005820198
-0.007522915
-0.018327434
-0.000282496
0.002399284
0.027986486
-0.027119646
-0.010773558
0.038636211
-0.015603084
0.032196842
-0.014983915
-0.021051781
0.004365149
0.007925376
0.04978127
-0.012135733
0.018946603
0.040617555
0.029720159
0.036902532
0.034673523
-0.008606464
0.015665002
-0.001199642
0.010278223
-0.041855894
0.034673523
0.010030555
-0.015045831
0.035416529
0.006872787
0.022909291
-0.008111128
0.003389956
0.04086522
-0.003374477
-0.02538597
0.006996621
0.035664193
-0.094113849
-0.017708264
-0.025138304
-0.040617555
0.034921192
0.005448696
-0.012445318
-0.000766223
-0.025509804
-0.013807491
0.00331256
0.030463165
0.002259971
-0.050028935
0.023404626
0.052257951
0.016469924
-0.011206977
0.019689607
-0.005293904
0.027491149
0.048295263
-0.10005787
-0.021918619
-0.025757473
-0.060926329
0.047056925
-0.013869409
0.013869409
-0.004891444
-0.019689607
0.004860485
-0.019318106
-0.038140874
-0.026624311
0.012011898
-0.016965259
0.03987455
-0.060678665
0.031949174
-0.020184943
-0.005479655
-0.02043261
0.018327434
0.030834667
0.018822769
0.008358795
-0.003173246
-0.003606665
0.020184943
0.001733676
0.040369887
-0.023776129
0.000113676
-0.018079765
-0.003838854
-0.009844803
-0.005201028
0.016841425
-0.030463165
-0.01114506
-0.04507558
-0.05077194
0.042598896
-0.021051781
0.002972016
0.018946603
0.045323245
0.064393684
0.008173044
0.018203598
-0.0123834
0.005510613
0.002445722
0.049038265
-0.028729491
-0.015974587
0.051514946
-0.003591186
-0.003854333
0.055477638
0.016965259
-0.009163717
-0.024519132
0.003420915
0.010897392
-0.038388543
0.020061109
0.012507234
-0.051267281
-0.024147632
-0.018822769
0.013374072
-0.007337165
0.008792214
0.014550495
-0.053991627
-0.011702313
0.076281749
0.041855894
-0.019565774
-0.018822769
0.060183324
-0.021794785
0.059935659
-0.013683658
0.023404626
0.009535219
0.040617555
0.063898347
0.032196842
-0.018079765
-0.003498311
0.020804113
-0.045818582
-0.007151414
0.004736651
-0.04086522
-0.025509804
0.018698934
-0.004427066
0.012692985
-0.013312155
0.063898347
0.024642969
0.012507234
0.006594161
-0.020804113
-0.004055564
0.024642969
0.015355417
0.001532446
0.028110318
0.011702313
0.054734632
-0.002167095
-0.034425855
-0.005201028
0.053991627
-0.017212927
0.012754902
-0.000077396
-0.029596327
-0.011330811
0.018946603
0.021423284
0.040369887
-0.007491957
-0.000153825
-0.012878736
-0.005510613
-0.02315696
-0.003219684
-0.018451266
0.024023796
0.016593756
0.011268895
0.002492159
-0.024023796
-0.064889021
-0.005696364
-0.018698934
-0.034178186
-0.020680279
-0.002987495
0.018698934
-0.015850753
-0.010711642
-0.024271466
-0.035168856
-0.018327434
-0.010587808
-0.065384351
-0.016469924
-0.04507558
-0.020308778
0.029720159
-0.031949174
-0.034425855
-0.035416529
-0.024766801
-0.006501285
0.036902532
0.055229966
-0.036654867
-0.012259566
0.053743958
-0.006717995
0.01486008
-0.013188321
-0.013559823
0.007801542
0.016593756
-0.096095182
0.050524276
0.015603084
-0.027986486
0.012135733
-0.039131548
-0.02600514
0.019689607
-0.008916048
-0.030958502
0.043094233
0.003157767
0.024766801
-0.011083144
0.031330004
-0.043094233
-0.02600514
0.035664193
0.010216305
0.077272423
0.032692175
-0.019070437
-0.009039883
-0.018698934
-0.023404626
-0.048542932
-0.079253763
0.047056925
-0.008173044
-0.018327434
-0.028234154
0.006315534
0.037397869
0.048295263
0.012445318
-0.009968637
-0.057706647
0.01343599
-0.003792417
-0.016841425
0.025262138
0.00928755
-0.002879141
-0.009163717
-0.020556446
-0.008358795
-0.014983915
-0.045818582
0.028729491
-0.010649724
0.00061143
-0.037397869
0.018079765
0.027738819
0.007244289
-0.023280794
-0.000371502
-0.021299448
-0.007460999
0.000385046
0.006687036
-0.011826148
-0.012259566
0.024271466
-0.037645537
-0.019070437
-0.047056925
0.023899963
0.016098421
0.012135733
-0.011702313
0.006965663
0.007925376
-0.00743004
0.039626881
-0.02910099
0.035664193
-0.009659053
-0.004612816
0.002151616
0.037645537
-0.06340301
-0.016346088
0.064393684
0.033930518
0.011021227
-0.003498311
0.051019609
0.009225633
0.012445318
-0.004086522
0.016841425
-0.026624311
-0.02315696
-0.005108153
0.003993647
0.037645537
-0.096590526
-0.037893206
-0.001486008
-0.02315696
-0.005139112
-0.021547116
0.020184943
0.025881307
-0.01671759
0.015850753
-0.062412336
0.07281439
-0.027614983
0.028357988
0.02043261
-0.020556446
0.003761458
-0.012445318
0.030463165
-0.021423284
0.021547116
0.004086522
-0.014736246
-0.022166288
-0.021299448
0.010278223
-0.023033125
-0.056963641
-0.015541168
-0.014550495
0.040617555
-0.025138304
0.022785457
-0.001756895
-0.011640397
0.003343518
0.032196842
-0.002492159
-0.012321484
0.054982297
0.049038265
0.000170272
0.001679499
-0.043341901
0.013993243
-0.015974587
0.023652297
-0.027243482
-0.060926329
-0.074795738
0.012507234
-0.019689607
-0.017460596
-0.023776129
-0.042103563
-0.015974587
-0.065384351
0.056468308
-0.031330004
0.00681087
-0.081235111
0.011764231
-0.025014468
0.005479655
0.029224826
0.022166288
-0.015479251
-0.005015277
0.046561588
0.019689607
0.06340301
0.024519132
0.019689607
-0.024023796
-0.001470529
-0.073805064
0.065384351
-0.011949982
-0.06340301
0.02253779
0.058697321
0.015169666
0.048295263
0.020556446
0.066375025
0.025014468
-0.010711642
0.034425855
-0.01343599
-0.045570914
-0.025509804
-0.045818582
0.027491149
0.032692175
0.024147632
-0.01095931
-0.033187512
-0.027119646
0.006315534
0.047056925
-0.037893206
0.03615953
0.007677708
-0.028605655
-0.024147632
0.0185751
-0.017955931
0.012878736
-0.028357988
0.054239292
-0.010216305
0.007584833
-0.010278223
0.002259971
0.025014468
0.005417738
0.021794785
-0.024766801
-0.007089497
-0.030215496
-0.010216305
-0.053991627
0.020927947
0.074300401
-0.039379213
0.021423284
-0.034673523
0.033682849
-0.000054419
0.047552258
0.020061109
-0.040369887
0.000194458
-0.008606464
-0.035664193
0.043094233
-0.044332575
0.03987455
-0.022661623
0.034178186
-0.001013891
0.027367316
-0.061917003
0.012692985
0.002306408
-0.029843995
0.01671759
-0.031206168
0.017089093
-0.060183324
-0.028481821
-0.020061109
0.000948104
-0.011888064
-0.00061143
-0.001725936
0.020308778
0.019194271
0.083216451
0.035911862
-0.019689607
0.007491957
0.046561588
0.034178186
0.045818582
-0.020556446
-0.062412336
0.04458024
-0.031949174
-0.005603489
-0.006594161
-0.093123175
-0.027738819
0.027119646
-0.003823375
0.010030555
0.006501285
0.017089093
0.019441938
0.022413954
-0.02253779
-0.026748145
0.021051781
0.032692175
-0.038883876
0.002925578
-0.029224826
-0.029843995
0.014055159
0.080244437
0.001780114
0.008854132
0.024271466
-0.021918619
-0.012011898
0.01486008
0.000071108
0.008544547
0.013064488
0.026376642
-0.023652297
0.013312155
-0.026128976
0.01114506
0.052257951
-0.005231987
0.051267281
-0.046066251
0.023899963
0.02538597
0.003606665
-0.038636211
0.011764231
0.015603084
-0.026995813
0.0185751
0.034425855
0.06340301
0.026748145
-0.033682849
0.048542932
0.006965663
-0.010030555
0.007987293
0.019318106
0.016965259
-0.062907673
0.019689607
0.002631473
-0.078758426
-0.017832097
0.032196842
0.014364745
-0.00764675
-0.00371502
-0.002244491
0.043837238
-0.08173044
0.034425855
0.018946603
-0.033435181
-0.003838854
-0.064889021
-0.035664193
0.009225633
-0.020061109
0.034425855
0.003653103
0.049285937
-0.018822769
0.056220636
0.004148439
0.008049211
-0.060926329
-0.014055159
0.093618505
-0.02996783
-0.003111329
0.045323245
-0.079253763
0.035911862
0.021299448
0.06340301
-0.028481821
-0.046561588
0.029843995
0.007120455
-0.002910099
-0.031206168
0.002089699
-0.050028935
-0.042351231
-0.009659053
-0.031577673
0.011826148
-0.029472493
0.014983915
0.000905536
-0.001176423
-0.015603084
0.004488983
0.030710833
-0.024642969
0.002507639
0.022785457
-0.047799926
-0.069842383
0.002739827
-0.019318106
0.059687991
0.008668381
0.015169666
-0.020308778
0.00371502
0.008668381
0.041855894
-0.054734632
-0.004643775
-0.018079765
0.00143957
0.003916251
0.020308778
0.009782887
0.034673523
0.019689607
-0.058944985
-0.042351231
0.002941058
0.078758426
0.000673347
0.047799926
0.065384351
0.05077194
-0.035911862
-0.054486964
0.032196842
0.022661623
-0.080739774
0.021670951
0.001369914
0.008668381
0.009225633
0.00681087
0.005665406
0.047056925
-0.046066251
0.002244491
-0.002972016
0.027614983
-0.016346088
0.000441159
0.010402056
-0.017955931
0.007615791
-0.013126405
0.018327434
-0.003389956
0.029472493
0.057458982
-0.024519132
-0.043341901
-0.029596327
-0.029224826
0.034673523
0.033435181
-0.048295263
0.016346088
0.020061109
0.034425855
0.025881307
0.017336762
-0.017708264
0.006965663
-0.032196842
-0.010030555
-0.009720969
-0.014426662
0.04358957
-0.04358957
-0.021051781
0.017212927
-0.024271466
-0.018079765
0.058944985
0.010649724
-0.01095931
-0.035168856
-0.02229012
-0.016222255
0.016593756
-0.015665002
0.014736246
-0.013621741
-0.014612413
0.024642969
0.006005949
-0.019441938
-0.013869409
0.021918619
-0.004674734
-0.019070437
0.005108153
0.023404626
-0.078758426
-0.005944032
0.017336762
0.009844803
0.009163717
0.028853323
0.014550495
-0.014302827
0.008854132
-0.02538597
0.008668381
0.019565774
0.01467433
-0.031949174
0.02600514
0.051267281
0.032692175
-0.015231582
0.004055564
-0.013497907
-0.01486008
