voyage-4:37100a5151e809529f79c8074579deb045a14b80843a1fb02ba6eb5bdc5feb42
0.036514431
0.00622219
-0.028818564
-0.018093474
0.025543727
0.016947281
-0.007532125
0.016456056
0.004584772
0.024397535
0.013999928
-0.027836114
-0.001596483
-0.048140101
-0.042900365
0.007982415
0.047485135
0.001688588
0.014982379
0.014736766
0.014982379
-0.019567151
-0.020958956
-0.024233792
-0.023251342
0.011871284
-0.018912183
0.021286439
-0.055344746
-0.000946633
0.000245613
-0.004195885
-0.023906309
0.028163599
0.020303989
0.025052503
-0.073356345
0.055999711
-0.057964616
0.031929661
0.014982379
-0.039953012
0.016128572
0.048467584
0.003847933
-0.011380059
-0.008842059
-0.002057007
-0.021941407
0.007081835
0.026362436
0.004748513
0.017192895
0.011871284
-0.060911968
0.000644734
0.042900365
0.001821628
0.007204641
0.00974264
0.018584698
0.057964616
0.002783611
0.021286439
-0.018830312
0.003888869
-0.002640337
-0.014900508
0.035531979
-0.028491082
-0.004646175
-0.018748442
0.003643256
0.009087672
0.006099384
-0.014491154
0.037660625
-0.043227848
-0.026198694
0.04879507
-0.014491154
-0.019976506
-0.013181218
-0.087110661
0.018339086
0.022596374
0.023742568
-0.004482433
0.000660084
0.063859321
0.022268891
0.004114014
0.013263089
0.038643077
0.034549531
0.001248532
-0.028163599
-0.001576015
-0.024725018
-0.039298043
-0.060911968
0.058292098
-0.00892393
0.017029151
0.006263126
0.034222044
0.023415083
0.027017405
0.002763144
-0.019567151
0.031765919
0.00794148
0.007163706
-0.033567078
0.016783539
-0.018339086
-0.038315594
0.034713272
-0.014573025
0.018666569
-0.035040755
-0.021286439
0.007613996
-0.029473532
-0.026198694
-0.025216244
-0.002660805
0.052724872
-0.017520377
0.006508739
0.052724872
0.009005802
-0.019075925
0.046830166
-0.006754351
0.005894707
-0.005485352
-0.003950272
-0.003111095
0.011216316
-0.034222044
0.001524846
-0.01244438
0.040280495
-0.023251342
-0.025216244
0.007818674
-0.023251342
-0.031929661
0.046502683
-0.021122698
-0.013918057
-0.012853734
0.007982415
-0.047157653
0.000849411
-0.012116896
0.012526251
-0.042245395
0.010725091
-0.047812618
0.015801089
0.042572878
-0.023251342
0.000670318
0.013754316
0.053052355
0.002057007
0.027999856
0.0102748
0.023578826
-0.017274765
0.010111059
0.018912183
0.008719253
-0.004216352
-0.021286439
-0.006508739
0.028982308
-0.064186804
0.006795286
-0.026526177
0.017192895
0.017356636
-0.005280674
0.034877013
0.060584482
-0.017192895
-0.045847718
0.030455984
0.001893265
-0.007859609
-0.057309646
-0.030619726
-0.012362509
0.000798241
-0.01019293
0.026853664
-0.011134446
0.019649021
-0.037169397
-0.018584698
0.001130842
-0.025707468
-0.022760117
-0.018994054
0.016783539
-0.020795215
0.076303698
0.010888833
0.004134482
-0.026198694
-0.023251342
0.006877158
0.044210296
-0.058947064
-0.02038586
-0.089075565
0.028163599
-0.007982415
-0.036023207
0.032912113
0.006713416
0.00051681
0.010806962
-0.030947208
-0.040444236
-0.075648732
-0.000537278
-0.003172498
-0.017192895
-0.009701704
-0.021777665
0.059274547
0.011298187
0.035859466
-0.000864762
-0.018666569
-0.003806998
0.014982379
0.01588296
-0.023415083
-0.013999928
0.009128608
0.008187092
-0.010725091
0.015309863
-0.001079673
-0.044210296
-0.011953155
0.005649094
0.002404958
0.035859466
0.046830166
-0.035204496
-0.041262947
-0.005362546
-0.015227992
0.037169397
0.015227992
-0.005362546
-0.055017263
-0.021450182
0.010111059
-0.037988108
0.019075925
0.005403481
-0.018420957
0.065496735
-0.012526251
-0.014409282
-0.023251342
-0.023742568
-0.000445173
-0.02038586
0.038806815
-0.061239451
0.017929733
-0.023415083
-0.007982415
0.015473604
-0.005198804
0.03111095
0.023415083
-0.018339086
-0.017192895
-0.004605239
0.002926885
-0.023906309
0.012935607
-0.031274695
-0.060256999
-0.039461784
-0.004134482
0.002722208
-0.040607978
-0.032584626
-0.027999856
-0.042572878
0.011216316
0.061566934
-0.065169252
0.0070409
0.032257143
0.013508703
0.027999856
0.001381572
0.038315594
0.019567151
-0.002046773
-0.021777665
0.006959029
0.032093402
0.021286439
-0.011134446
0.035204496
-0.058292098
-0.035859466
-0.022268891
-0.055999711
0.022596374
-0.076958671
-0.016292313
-0.039298043
-0.009947318
0.041917913
-0.071718931
-0.070736475
0.015637347
-0.039134301
-0.010029188
0.006713416
-0.001095024
-0.04879507
0.010356672
-0.016456056
-0.025707468
-0.024233792
-0.0461752
0.019157797
-0.027017405
0.034549531
0.031438436
0.081543438
0.025707468
0.019403407
-0.009906381
0.028654823
-0.002026305
-0.027836114
0.011871284
0.047485135
-0.023578826
-0.00211841
0.034222044
-0.064186804
-0.008432705
-0.040444236
0.013754316
0.018093474
-0.038643077
0.050432488
-0.034877013
-0.022105148
-0.08318086
0.065824226
-0.022596374
-0.001048971
0.028654823
-0.040280495
0.006467803
0.047157653
-0.007081835
-0.025871214
-0.010888833
-0.012198768
-0.024561277
0.001228064
-0.008801124
0.011871284
0.029801017
-0.036186948
-0.055344746
0.016292313
-0.038315594
0.008596447
0.011052574
-0.037333138
0.006836222
-0.003929805
0.004748513
-0.061239451
-0.012608122
0.024561277
0.006590609
0.009005802
-0.005035062
-0.012608122
0.072046414
0.051087454
0.020877086
-0.013344961
0.037333138
-0.04355533
0.022596374
-0.00140204
-0.022596374
-0.042245395
-0.042900365
0.017029151
0.053707328
-0.005116933
-0.02832734
-0.003806998
0.032748368
-0.024725018
-0.053707328
-0.015309863
-0.003111095
-0.004789449
-0.006099384
0.022923859
0.001381572
-0.002200281
-0.022432633
-0.008842059
-0.039461784
-0.002241217
0.05206991
-0.011707542
-0.063859321
0.024725018
0.053052355
-0.010070124
0.01416367
-0.041917913
0.000685669
-0.007204641
0.009537962
0.01686541
-0.00442103
-0.011134446
0.09104047
-0.038806815
-0.050759971
-0.032584626
-0.003377176
-0.053707328
-0.034549531
0.073683828
0.014327412
0.006877158
-0.024070051
0.039953012
0.012116896
0.020631474
0.005812835
-0.04159043
-0.008064286
-0.019567151
-0.000504018
0.039625525
0.002681273
-0.022432633
0.055672228
0.036023207
-0.011134446
-0.064186804
0.029473532
0.002108176
0.054689772
0.009251414
0.012771863
0.005608158
-0.054034811
0.020958956
0.038151849
0.049122553
-0.005526287
0.005812835
-0.020795215
-0.034549531
0.010479478
0.002804079
0.029964758
-0.014081799
-0.018584698
0.030128499
-0.022432633
-0.020058377
0.017929733
-0.003172498
0.006344996
-0.007081835
0.012608122
0.041917913
-0.010151994
0.005485352
-0.001043854
-0.022760117
-0.036023207
0.014245541
0.037824366
0.065824226
0.017192895
-0.042900365
-0.001008036
0.035368238
0.005730965
0.038643077
-0.012362509
-0.028654823
0.038643077
0.022760117
-0.034713272
-0.00794148
-0.017111022
-0.016947281
0.005116933
0.006058448
-0.01596483
-0.027836114
-0.019157797
-0.070408992
-0.002548232
-0.027344886
-0.014736766
-0.030619726
-0.015719218
-0.00352045
-0.014081799
-0.006181255
-0.01948528
0.035204496
0.009865446
0.013918057
0.000803358
0.072373897
-0.020549601
0.031438436
0.011625671
0.006508739
0.026362436
-0.006877158
0.042245395
0.019075925
0.032912113
-0.020222118
-0.011953155
-0.03111095
0.005219271
-0.030619726
0.012526251
0.038643077
-0.016947281
-0.035040755
-0.000157346
0.038315594
0.022268891
-0.01514612
0.029964758
-0.030292241
-0.004093546
0.00847364
0.013181218
-0.064186804
-0.005649094
0.030947208
0.002783611
0.018093474
0.042900365
0.009619834
-0.037169397
-0.044865265
0.035859466
-0.011052574
0.049122553
0.003438579
0.037005655
0.001299701
0.009619834
-0.000803358
0.004891788
0.015227992
-0.025216244
-0.021777665
-0.020549601
0.015801089
-0.051087454
0.001135959
0.027181145
0.01784786
-0.010561349
-0.017438507
-0.017111022
0.003233902
-0.068771578
0.039134301
0.032420885
0.089075565
-0.017111022
-0.051414937
-0.045520235
0.000276314
-0.015473604
0.02832734
0.02046773
-0.030619726
0.016292313
0.001770459
0.001320169
-0.019157797
0.010888833
-0.012116896
-0.007695867
0.015555475
0.012198768
-0.016701669
-0.013263089
0.003622788
-0.060584482
-0.045847718
0.031274695
-0.009619834
-0.008432705
-0.011871284
-0.067134157
0.010888833
-0.000447732
0.037333138
-0.018257216
0.09104047
-0.031765919
0.034385789
0.024561277
-0.010111059
-0.027181145
0.025379986
0.007736802
0.018502828
0.03569572
0.008514576
-0.00468711
-0.010561349
-0.003008756
0.011380059
-0.07008151
-0.058947064
0.057637129
0.04093546
0.028163599
0.010233865
0.029964758
0.03569572
0.032912113
0.022923859
0.052397389
-0.01019293
-0.00468711
0.052724872
0.057637129
0.015801089
-0.031602178
-0.0461752
0.031765919
-0.034549531
0.047157653
-0.00397074
-0.049777519
-0.042900365
0.028982308
0.016947281
-0.013099347
-0.102829874
-0.034877013
-0.002364023
-0.012198768
0.052724872
0.000565421
0.011953155
0.048467584
0.031602178
0.022760117
0.02832734
-0.019812763
-0.010725091
0.007286512
-0.01244438
0.043227848
0.026526177
-0.004850852
0.000177813
-0.008105221
-0.066806674
-0.014081799
0.02046773
0.001422507
-0.021286439
-0.056982163
0.040607978
0.064514287
0.043227848
-0.003704659
-0.037496883
0.051414937
0.056654681
-0.015555475
-0.023742568
-0.061566934
0.000823826
0.012280638
-0.019976506
0.014327412
0.027508631
0.025871214
-0.0230876
0.013918057
0.003950272
-0.027672373
0.000808475
-0.050432488
0.049122553
0.00333624
-0.003950272
-0.028654823
-0.01416367
-0.003581853
0.065824226
0.004052611
-0.032257143
0.077613629
0.053379845
0.035531979
-0.047157653
0.076958671
0.013099347
0.025216244
-0.04355533
0.013754316
-0.010561349
-0.018339086
0.010806962
-0.003806998
0.006508739
0.000391445
-0.051742427
0.038806815
0.042572878
-0.010806962
0.023251342
0.092350401
0.008719253
0.051742427
-0.010561349
-0.020958956
0.037988108
-0.014409282
0.058947064
-0.033075854
-0.032093402
0.019649021
0.016456056
0.00135087
0.007286512
0.01416367
-0.0070409
0.021777665
0.01776599
0.021941407
-0.014573025
-0.0461752
-0.011871284
0.002456128
-0.01686541
-0.066151708
0.003806998
0.049777519
0.026526177
0.040116753
-0.001760225
0.046830166
-0.009865446
0.038806815
0.01588296
0.050759971
0.093005367
-0.032093402
0.029309791
-0.04355533
-0.046830166
0.026362436
-0.055344746
-0.016292313
0.009169543
-0.018339086
-0.014245541
0.021777665
0.03635069
0.026034955
0.043227848
-0.007081835
0.017438507
0.01244438
0.017192895
0.031765919
0.005608158
-0.016292313
-0.06484177
-0.056654681
-0.016374184
-0.003131563
-0.000532161
0.04159043
0.018093474
0.023415083
0.04159043
-0.012608122
-0.035531979
-0.018093474
0.015391733
0.00030062
0.002343555
-0.032584626
-0.015555475
-0.021777665
0.01019293
0.003663724
-0.045847718
-0.021613924
-0.014818637
0.007163706
-0.034549531
-0.020631474
-0.008637383
0.005812835
-0.0230876
-0.004912255
0.031438436
0.004748513
-0.073356345
-0.024725018
-0.002845015
-0.005730965
0.044537783
0.037988108
-0.04093546
-0.041099202
0.012935607
0.016537927
-0.000741955
-0.009578899
0.06484177
0.037824366
0.008555511
0.011625671
0.019730892
-0.007859609
-0.026362436
0.025707468
0.020058377
0.013344961
-0.019239668
-0.004195885
-0.009537962
-0.104794778
0.011298187
0.062876873
-0.043882813
0.015801089
-0.006263126
-0.00288595
-0.009415156
0.026362436
-0.051414937
0.039953012
0.082525894
-0.014573025
-0.007859609
0.056327198
-0.046830166
0.048467584
0.094970271
0.011052574
-0.006754351
-0.035531979
0.070736475
-0.031929661
0.010725091
-0.043882813
-0.024888759
0.004032143
0.004584772
-0.036023207
-0.030947208
0.022268891
-0.021613924
-0.006426867
0.016046701
-0.023415083
-0.01948528
0.00397074
-0.006140319
-0.013754316
-0.045192748
0.046502683
-0.005239739
-0.026362436
0.027508631
-0.039953012
0.01064322
0.024888759
-0.029964758
-0.030783467
-0.005567223
0.060911968
-0.014081799
0.005853771
-0.021122698
-0.025707468
0.016292313
-0.013508703
0.087765627
0.034877013
0.042900365
-0.036678173
-0.009660769
0.029964758
-0.007286512
0.041917913
0.035204496
-0.032257143
0.027672373
0.055999711
-0.053052355
-0.074993767
0.076631188
0.003806998
-0.045192748
0.034549531
0.015309863
0.041262947
-0.011871284
-0.010438543
0.036514431
0.014491154
0.04355533
-0.027344886
-0.016947281
0.025216244
-0.021777665
0.013672443
0.013181218
-0.027181145
0.050759971
-0.026034955
0.002384491
-0.020058377
0.007654931
0.033239596
0.001473677
-0.024888759
-0.009947318
0.008882995
0.0230876
0.035204496
0.036023207
-0.025216244
0.002343555
0.023742568
0.000639617
-0.001698822
0.028818564
0.059929516
-0.007900544
-0.006099384
0.018257216
-0.0622219
0.037824366
0.000721488
0.035040755
-0.012198768
0.009537962
0.006017513
0.013754316
0.030619726
-0.029964758
0.000342834
0.003929805
0.031765919
-0.044865265
-0.002804079
0.037169397
0.013754316
0.013263089
0.007859609
0.033075854
-0.060256999
0.001698822
0.056327198
-0.052724872
-0.016046701
0.00115131
0.027181145
-0.061894417
0.011380059
-0.013426832
0.012771863
0.00839177
-0.029309791
0.012608122
-0.056654681
-0.017356636
-0.001975136
-0.006426867
-0.027672373
0.003581853
-0.0057719
-0.003315772
0.042572878
-0.021450182
-0.037005655
-0.00794148
-0.027017405
-0.012035025
