voyage-4:f28053939a96db43c7e468a2ed58f1618b31ab3743d99bd07c2b7bb54c21adbb
-0.030489553
-0.046741694
-0.047010325
0.026728727
-0.022162009
0.012625629
0.019475704
0.007689546
-0.00953638
0.00037986
-0.058561429
0.031564072
-0.042980868
-0.0397573
-0.021759063
0.046473064
0.036533736
-0.001846834
0.031295445
0.027534617
0.015513407
-0.048622105
-0.049696624
0.003408248
-0.01430457
-0.010879532
-0.007689546
-0.022564953
0.016856559
0.001930781
0.040831823
-0.00049109
-0.045129906
-0.029280715
0.015983509
0.024445368
-0.012894261
0.022296324
-0.023639478
0.021624748
0.024848312
-0.025116943
-0.008260385
-0.000472202
0.002182622
-0.046204429
-0.045398537
0.007253021
-0.012155526
-0.015244776
-0.024579683
0.036265105
-0.067694865
0.002703093
-0.044861279
0.029549345
0.036533736
-0.00194757
0.020550227
0.05748691
0.025922835
-0.007420915
-0.05883006
0.008092491
-0.031967018
0.018804127
0.011819739
-0.011081005
0.056681018
-0.015379092
-0.004633875
-0.061784998
0.028877771
-0.012289842
0.031161128
-0.000801694
0.028474825
0.002140649
0.009066276
-0.044055387
0.033847433
0.01343152
-0.037608255
-0.055069234
0.014707515
0.055875123
0.003609721
-0.005137557
-0.03814552
0.067157604
-0.041100454
-0.036533736
0.000291716
0.028474825
0.021221802
0.017595291
0.020281596
-0.026728727
-0.071992949
-0.047816213
0.022564953
0.028206194
-0.015446249
0.012961417
-0.001620177
0.027265986
-0.024713997
-0.027131671
0.001872018
-0.069306642
0.017125189
0.042712238
0.0072866
-0.004264508
0.083812684
-0.00953638
-0.044861279
-0.056412388
-0.01511046
0.013565836
0.034384694
-0.026594412
-0.004936084
-0.007454494
-0.044055387
-0.011349634
-0.052651562
0.011282477
-0.065277189
-0.025654206
0.015244776
0.0397573
0.013834465
0.030489553
-0.055069234
-0.007488072
0.000281222
0.023236532
-0.035727847
0.023639478
-0.031967018
-0.038951408
0.019610019
0.024579683
-0.030355236
0.067426234
0.059367321
0.01987865
0.017863924
-0.00037986
-0.034653321
-0.023639478
-0.003676879
-0.012356998
-0.025251258
0.002568778
0.012356998
0.015782036
-0.022027694
0.05184567
-0.032638595
-0.046473064
0.041637715
-0.024579683
0.069843903
-0.029683661
0.06044184
0.020818857
-0.078440078
0.011819739
0.049696624
-0.024713997
-0.021759063
0.010812374
0.003727247
-0.024176737
0.041637715
-0.011752581
0.005540502
-0.013901623
-0.028071878
-0.002719883
0.012222684
-0.007185864
0.003257144
0.035996474
0.062053628
-0.041906342
-0.035727847
0.000944404
0.031832702
0.019610019
-0.005406187
0.021221802
-0.02941503
-0.043249495
-0.017595291
-0.024713997
-0.044592649
-0.014371728
-0.06259089
0.014908987
0.005641238
0.044055387
0.0397573
-0.034384694
0.06285952
0.019744335
0.014506042
0.0145732
-0.01732666
-0.051039774
0.009133434
-0.019341391
0.01732666
0.002921356
-0.033578802
-0.030892499
0.047547583
-0.009737852
-0.014170255
-0.003760826
-0.041906342
0.055875123
-0.006749339
0.002719883
-0.038951408
-0.063934036
-0.06017321
0.042712238
-0.01484183
-0.006648603
0.058561429
0.058024168
0.017998237
0.014371728
0.045935798
-0.02860914
-0.003307512
0.000654787
0.029683661
0.001401915
-0.020415911
-0.020550227
0.031161128
-0.015043302
0.032504279
0.033981748
0.002904566
0.009334907
-0.024176737
-0.00953638
0.021221802
0.019341391
0.0083947
0.019341391
-0.023908107
0.01121532
-0.004533138
-0.006917233
-0.020012965
0.003827984
-0.017125189
0.107989423
-0.011752581
-0.024713997
0.017998237
-0.018401183
0.005406187
-0.06554582
-0.000249742
0.000223509
-0.06017321
0.00392872
0.009267749
-0.015446249
-0.013498678
0.026460096
-0.004801769
-0.003223565
0.020415911
0.000814286
0.012558471
-0.071992949
0.024445368
0.032504279
-0.071992949
-0.041100454
-0.017729608
-0.004331665
0.015849194
0.006480709
-0.020012965
0.008999119
-0.018938445
-0.024176737
-0.049965255
-0.026728727
0.045935798
-0.022699269
0.080589123
-0.040294562
0.005372609
0.046473064
-0.023908107
0.030489553
0.023505162
0.009200592
0.015379092
-0.003156407
0.067426234
0.01987865
0.001762887
0.045398537
-0.051577043
0.01430457
0.010342271
0.056412388
0.014707515
-0.062322255
-0.009133434
0.025385574
0.047816213
-0.018804127
-0.013028575
0.009939325
0.00251841
-0.002753462
0.029012084
-0.036802366
-0.040563192
0.013700151
0.026997356
-0.043786757
0.004046245
0.001485862
0.007588809
0.009469222
-0.021624748
-0.026997356
-0.003744036
0.075753778
-0.021087486
-0.011618266
-0.004331665
0.012021211
-0.045667168
0.00866333
-0.036533736
-0.05184567
0.014103097
0.007488072
-0.028743455
0.004499559
0.042980868
-0.052920192
0.000447018
0.010678059
0.036265105
0.027265986
0.023639478
0.010543743
-0.020818857
-0.041100454
-0.007655967
0.008999119
-0.036265105
0.045398537
0.005977027
-0.042712238
0.001074522
0.021087486
0.044324018
0.034921952
0.009133434
-0.004801769
-0.038951408
0.010543743
0.013095733
0.036265105
0.024042422
0.006212078
-0.032235648
-0.01571488
-0.036802366
-0.027937561
-0.014707515
-0.009670695
-0.00125081
-0.045398537
-0.00755523
-0.046473064
-0.000447018
0.034921952
-0.006615024
-0.000077126
-0.004936084
0.005741975
-0.031026814
-0.013632993
0.004432402
-0.018266868
-0.004600296
0.001939176
0.011081005
-0.024176737
-0.037339628
0.039220039
-0.054531973
-0.027937561
-0.013632993
-0.053994711
-0.026191466
0.010342271
0.002132254
0.032638595
-0.017058032
-0.013095733
0.049965255
-0.007118706
-0.052651562
0.01121532
-0.007051548
-0.00785744
-0.028474825
0.010610901
-0.064202666
-0.006648603
0.044324018
0.101005033
0.031026814
0.035727847
0.047278956
-0.007655967
0.029683661
-0.014640357
-0.007085127
0.016722243
-0.03814552
0.053994711
-0.000885641
-0.012222684
0.00002138
-0.001603388
-0.024579683
0.003156407
0.027534617
-0.009334907
-0.011148162
0.030758183
-0.007085127
0.014774673
-0.029817974
0.039488669
0.023773791
0.009469222
-0.004701032
0.002417674
-0.000864654
-0.023505162
-0.014506042
-0.010409429
-0.008999119
-0.018266868
0.056412388
0.015513407
-0.040831823
0.006346393
0.052920192
-0.045129906
-0.011416792
-0.01121532
-0.021221802
0.000104934
0.0145732
0.010006483
0.073067471
-0.034116063
0.06044184
-0.008495437
0.031161128
-0.01625214
0.002065096
0.000562445
0.008931962
-0.062053628
0.02860914
0.017192347
-0.01007364
0.008428279
0.000019675
0.001569809
0.002736672
0.001704124
-0.002182622
0.052382931
0.005137557
0.01625214
-0.014976145
-0.027131671
-0.01316289
-0.035190582
-0.051308412
-0.02243064
-0.045667168
0.014035939
0.043786757
-0.005204714
0.005909869
-0.011148162
-0.055606492
-0.044324018
-0.004046245
-0.010207956
-0.02995229
0.022967899
-0.026191466
-0.031564072
0.056412388
-0.010409429
-0.007622388
-0.019610019
-0.00307246
-0.089722559
0.010812374
-0.012491314
-0.011081005
0.02995229
0.001259205
-0.02686304
0.040025931
0.025654206
-0.000216164
0.013834465
0.004936084
0.0025352
-0.016655086
-0.005439766
-0.041369084
0.054531973
0.045667168
0.00560766
0.060979106
0.024042422
-0.011013847
-0.002182622
0.032504279
0.026728727
-0.051577043
-0.020550227
-0.027803246
-0.020684542
0.016722243
-0.012827103
0.037339628
0.006111342
-0.009402064
0.024445368
-0.028743455
-0.071992949
0.033713117
-0.013901623
-0.009737852
0.0072866
-0.008797646
-0.034921952
0.015446249
0.046473064
-0.028340509
0.000018495
-0.033713117
-0.014976145
0.002887777
0.050771147
-0.019475704
-0.035727847
-0.000956996
0.00009444
-0.027668931
0.012625629
-0.051577043
-0.004835348
0.012558471
-0.030086605
-0.075216509
-0.028071878
0.01511046
-0.051039774
-0.027534617
-0.034921952
0.015983509
0.03814552
-0.035459217
-0.003475406
0.012759943
0.008159649
-0.019610019
0.007991754
0.03841415
0.002652725
-0.014640357
-0.008361122
0.006682182
0.02941503
-0.024982627
0.020818857
0.025385574
-0.00421414
-0.024311053
-0.015916351
-0.042980868
0.015311934
0.019475704
-0.032235648
0.069843903
0.063665405
0.010543743
-0.047010325
0.005473345
0.022833584
-0.023908107
-0.001830045
-0.041369084
-0.043518126
-0.036802366
0.020550227
-0.055606492
-0.006883654
-0.012558471
0.000671576
-0.062322255
0.028877771
-0.03277291
0.005439766
-0.024579683
0.002300148
-0.053457454
-0.031295445
0.020550227
0.042712238
0.038682781
0.014908987
-0.018132553
-0.019475704
-0.049696624
-0.027668931
-0.012558471
-0.035727847
-0.01732666
-0.013632993
-0.046473064
0.002635936
0.044324018
-0.00530545
0.025116943
0.023370847
0.025385574
-0.013700151
-0.012021211
0.047547583
0.040294562
-0.029817974
-0.000604418
-0.048622105
0.001401915
-0.033310171
-0.019744335
-0.024311053
-0.025116943
-0.013297206
0.058292799
-0.040563192
-0.00308925
-0.053188823
-0.055337861
-0.007353758
-0.049696624
0.075753778
-0.006648603
-0.000465906
-0.066620342
0.004063035
0.021893378
0.01571488
-0.000671576
-0.025654206
0.056143757
-0.007790282
0.081126384
0.021087486
-0.000175239
-0.038682781
0.035190582
-0.054800604
-0.021893378
-0.0145732
0.034116063
0.003022092
-0.056412388
-0.018535499
0.033578802
-0.003844773
0.014506042
-0.023370847
0.031698387
0.018669814
0.01007364
-0.03277291
-0.021759063
0.008159649
-0.050233886
-0.058292799
-0.023773791
0.01148395
-0.045667168
0.009066276
0.016722243
-0.002182622
-0.043518126
0.034653321
-0.037608255
0.034116063
0.015580564
-0.040831823
-0.027937561
-0.007051548
-0.033981748
-0.025385574
-0.01007364
0.011416792
0.011349634
-0.004969663
-0.054800604
0.003408248
0.005741975
0.064471297
0.033713117
-0.028877771
-0.004365244
-0.003106039
0.001695729
0.054263342
0.007723125
0.021893378
-0.012692787
0.005574081
-0.017192347
0.071455695
-0.001200442
0.039220039
0.070381165
-0.008361122
0.059904579
0.057755541
-0.022833584
-0.011752581
-0.028877771
0.019475704
-0.028206194
0.002954935
0.016722243
0.006379972
-0.006749339
0.020012965
-0.007420915
-0.012356998
0.042712238
-0.010543743
0.02243064
-0.030892499
-0.027937561
-0.01907276
-0.002484831
0.014438885
-0.01511046
0.030355236
0.016050667
-0.006245657
0.036533736
-0.013565836
-0.025922835
0.045398537
0.010745217
0.03142976
0.023236532
0.025922835
0.001275994
0.013364363
0.008864804
-0.021624748
0.021624748
-0.010140798
0.014371728
-0.063396774
-0.028206194
-0.019341391
0.021759063
-0.002736672
0.018535499
0.05721828
0.012155526
-0.00421414
0.039220039
0.057755541
-0.014170255
0.02941503
-0.022967899
-0.02686304
-0.061516367
0.011282477
0.029549345
-0.042443603
0.024713997
0.020550227
-0.019744335
0.012894261
-0.077902816
0.017729608
0.024713997
-0.026594412
-0.008730488
-0.015446249
-0.03022092
-0.009267749
-0.049965255
0.015446249
-0.003173197
-0.039488669
0.005540502
0.053188823
0.005372609
-0.028877771
-0.000600221
0.036533736
-0.010879532
0.034116063
0.016990874
0.047010325
0.005271872
-0.027534617
-0.020550227
0.024042422
0.053994711
-0.007353758
0.003979088
0.042443603
-0.018804127
-0.020147281
0.045398537
-0.031832702
0.002501621
0.023370847
0.025385574
0.023505162
-0.053188823
-0.003441827
-0.008596173
-0.015379092
0.048890736
0.041100454
-0.050233886
0.029012084
-0.005506923
-0.044055387
-0.051308412
-0.004936084
0.036802366
-0.016184982
0.03022092
-0.00069676
0.016117824
0.035459217
0.06581445
-0.02995229
-0.016990874
0.090259813
-0.014103097
0.005641238
-0.03022092
-0.091334336
0.021087486
0.058292799
0.049427994
-0.024311053
-0.067694865
-0.002350516
0.005439766
-0.005238293
-0.025519887
0.006144921
-0.027265986
-0.024311053
-0.009939325
-0.005171136
-0.005708396
0.01987865
-0.057755541
0.002384095
-0.00224978
-0.016990874
0.040025931
0.010745217
-0.011081005
-0.034384694
-0.005741975
-0.022027694
-0.001544625
0.029280715
0.017192347
0.006312815
0.078440078
-0.022027694
-0.056143757
0.01732666
0.035996474
0.048890736
0.002182622
0.012961417
-0.002635936
0.027937561
0.046741694
0.045129906
0.052920192
0.005741975
-0.008999119
-0.048622105
0.008562595
-0.012759943
0.009200592
-0.002283358
0.020684542
0.048622105
0.031564072
-0.036265105
0.006950811
-0.025519887
-0.016453613
-0.032504279
0.019475704
0.012088369
0.006917233
0.010275113
0.000535162
0.095632426
0.00644713
-0.006144921
-0.000726142
0.00476819
0.00755523
-0.020012965
-0.008495437
0.049696624
-0.000236101
-0.043249495
-0.002635936
0.045129906
-0.028877771
0.036265105
0.018132553
-0.041637715
-0.037070997
0.051577043
-0.001989544
0.059635948
-0.037608255
-0.03841415
-0.006816497
-0.005741975
0.034653321
-0.000566642
0.047278956
0.016386455
0.034921952
-0.01907276
-0.004868926
0.013364363
-0.01484183
0.022162009
-0.033847433
0.041100454
-0.046741694
0.030489553
-0.011752581
0.07629104
0.003156407
-0.027534617
0.024176737
-0.046473064
-0.010275113
-0.017192347
0.026728727
-0.024848312
0.009334907
-0.029549345
-0.042712238
-0.020415911
-0.013028575
0.042712238
-0.037608255
0.020684542
0.012625629
0.01571488
0.005574081
-0.010745217
0.020415911
-0.003945509
0.033578802
-0.016184982
0.01907276
-0.027131671
-0.081126384
0.003139618
-0.031564072
-0.034921952
0.042443603
0.02605715
0.020281596
-0.004868926
0.020953171
0.053726081
0.005003241
-0.007387336
0.031832702
-0.022162009
