voyage-4:b1fc3b343646050710c76c58bb8f949d393f0da0ec9d8acd691deabbf4982e08
-0.041262742
-0.04552212
-0.054573301
0.011979504
0.019034103
0.017436836
-0.009849816
0.000619773
-0.016771307
-0.037801992
-0.0260887
0.007919784
-0.00815272
0.00925084
-0.039665472
-0.014708171
-0.023160378
-0.022361742
0.003860063
0.019699631
0.006189411
0.018767891
-0.045255911
-0.003294364
0.018102363
0.035938516
-0.014375406
-0.048982866
0.008918076
0.031279821
0.043392431
0.054040879
-0.032078452
-0.002745303
-0.037801992
0.032610878
-0.048184231
-0.039399263
-0.00815272
-0.006122858
0.044989698
-0.016238885
-0.036204726
-0.017436836
-0.05856647
0.011912952
0.007720125
0.007720125
-0.034075037
-0.008918076
-0.011713294
0.014575065
-0.019167209
-0.003028153
-0.071877033
-0.015373698
0.05830026
-0.010116027
0.03726957
0.00971671
0.025023855
-0.001372652
-0.021430004
0.001181312
-0.006821663
0.050846346
-0.023959009
-0.028883917
0.032877084
0.010648449
0.031945348
-0.037535783
0.021430004
0.016904414
0.025689384
0.005324224
0.004958184
-0.037801992
-0.054307092
-0.036470938
0.004592144
-0.029682552
-0.017436836
-0.016505096
-0.007420638
0.057767835
-0.053508457
-0.032078452
0.008252548
-0.024757644
-0.017436836
0.0014808
0.016505096
0.055904359
0.001705416
-0.015307145
0.024624538
0.021829322
-0.018634785
0.020098947
-0.016438542
0.004658696
-0.029682552
0.016904414
-0.039399263
0.031412926
0.006222688
0.027685968
-0.027552864
-0.014441959
0.002545645
0.007320809
0.034075037
-0.022228638
0.059897527
-0.000386838
-0.018368576
-0.038334418
0.011513636
0.012911245
-0.024624538
-0.006854939
-0.021163793
0.022627955
-0.043126218
-0.03434125
-0.016305439
-0.003011514
-0.025023855
-0.062559642
-0.020631371
0.058832683
0.003926616
-0.021430004
-0.045255911
0.017969258
-0.002071456
-0.03154603
-0.017969258
0.026754228
-0.006821663
-0.00971671
0.034607459
0.087317288
-0.018102363
0.019300314
0.010249132
0.017969258
0.022095531
0.027552864
0.041795161
-0.05377467
-0.011846399
-0.016638201
0.044723485
0.030880501
0.005058013
0.006522175
-0.051378768
0.035938516
0.018235469
-0.046320755
0.023293484
-0.038334418
-0.01637199
-0.001322737
0.05856647
-0.02915013
-0.058832683
0.002071456
-0.035672303
-0.001830202
-0.043924853
0.011979504
0.004592144
-0.005224395
0.024491433
0.045255911
0.030747397
-0.038600627
-0.024092115
0.021030687
-0.01563991
0.035938516
0.025423173
0.024757644
0.016771307
-0.024491433
-0.006821663
-0.009450498
0.022894166
0.016172333
-0.079330944
0.024624538
-0.022894166
-0.019034103
-0.008984629
-0.005923199
0.000673847
-0.006023029
0.009650157
0.048184231
-0.000230855
0.036737151
0.029549446
-0.007320809
-0.000422194
-0.051644981
0.061494794
0.041795161
0.013110902
0.009450498
-0.042061374
0.00509129
0.028351495
-0.025023855
-0.007054597
-0.084122747
0.03726957
-0.061761003
-0.016771307
-0.000752879
-0.030880501
-0.008352377
-0.020098947
0.009650157
-0.001397609
-0.033143297
-0.007054597
0.040996529
-0.051112559
0.001954989
0.00665528
0.053508457
-0.005390777
0.072941877
-0.007021321
-0.011447083
0.017969258
-0.013443667
0.017037518
0.010049473
-0.068682499
0.012245717
0.023825904
0.065221757
-0.004109635
0.001622225
-0.005690265
-0.001331056
0.021296898
-0.019566527
0.043126218
-0.004525591
-0.03008187
-0.001405928
0.006954769
0.05856647
-0.013842984
-0.00545733
-0.028085286
-0.02582249
0.03247777
0.039133053
0.048450444
-0.02036516
0.031412926
-0.003360917
-0.004043083
-0.068150073
-0.021030687
0.014575065
-0.009916368
-0.044457275
0.006921492
0.029283235
-0.033675719
-0.014109194
-0.018767891
-0.040464107
0.043126218
0.055638149
-0.025955593
-0.005690265
0.019832736
0.036470938
0.002978238
-0.04711939
0.033542614
-0.02582249
-0.014774723
-0.026354911
-0.00878497
-0.004142912
-0.011912952
-0.051911186
-0.036204726
0.020764476
0.015906122
0.020631371
0.041795161
-0.055105727
-0.037535783
0.046853177
0.027819075
0.042593796
0.016039226
0.003760234
0.010715002
0.008585312
0.033675719
-0.034873672
-0.010116027
-0.000840229
-0.00545733
0.046586968
0.016571648
0.020764476
0.05670299
-0.035139881
-0.015773015
-0.015307145
0.033941932
0.005424054
0.002071456
0.005523883
-0.039399263
-0.047651809
0.089446969
-0.016970966
-0.02036516
-0.002645474
-0.020498265
-0.009982921
-0.016438542
-0.030481184
-0.021962427
-0.00509129
-0.027685968
-0.04552212
0.012179163
0.070812188
0.026488017
-0.0029616
0.015373698
0.011180871
0.020498265
0.029682552
0.035139881
-0.034075037
0.029283235
0.002212881
-0.013310561
-0.058832683
0.014508512
-0.023559695
0.059897527
-0.001863479
-0.01044879
0.00878497
0.012844692
0.067883864
0.014974382
-0.052976035
-0.006422346
0.040197894
-0.067617655
-0.058034047
0.003360917
-0.011646742
-0.033941932
-0.003909978
0.040197894
0.031279821
-0.037801992
-0.050313924
0.034873672
0.021296898
0.076668836
-0.029682552
0.015506804
0.035672303
-0.026354911
0.024624538
-0.044457275
-0.024092115
-0.022494849
-0.050580136
-0.016771307
-0.017170625
-0.002578921
-0.035139881
-0.032610878
0.024225222
-0.003194535
0.061494794
-0.023160378
0.017170625
0.001613906
0.021829322
0.026354911
-0.026221804
-0.018634785
0.026754228
0.03247777
0.017836152
-0.009051181
0.015440251
0.007520468
-0.01850168
-0.025023855
0.001131398
-0.026354911
0.046320755
0.015040935
-0.004292656
-0.010315686
-0.047651809
-0.02089758
0.013177455
-0.03726957
-0.026754228
0.023027271
-0.008918076
-0.012312269
-0.001164674
-0.042593796
-0.010914661
0.093173936
0.012578481
-0.067085229
0.070812188
-0.012578481
0.032078452
0.05670299
-0.019300314
0.068682499
-0.001680458
-0.007054597
-0.000673847
-0.01304435
-0.008385654
-0.059631318
-0.024358327
-0.032344665
0.062293425
0.008718418
-0.039133053
0.007620296
0.01850168
-0.014974382
0.023027271
-0.005989752
0.028617706
-0.024358327
-0.006255964
-0.036737151
0.035139881
-0.005290948
-0.031679135
0.010049473
-0.010781555
0.004558867
0.015706463
0.042327587
0.035406094
-0.022494849
-0.039399263
0.06309206
-0.021296898
0.000877665
-0.040197894
-0.016704755
-0.002529007
-0.012112611
0.00878497
0.03726957
0.017569941
0.011912952
-0.035938516
0.014641617
-0.004891632
-0.005490607
-0.014974382
0.007520468
-0.007420638
0.010382238
0.033808827
-0.000013324
-0.006422346
-0.017170625
0.016571648
0.02036516
0.006056305
0.005523883
0.002878409
0.019566527
0.028218389
0.012312269
0.017436836
0.020098947
-0.024092115
-0.020764476
0.018368576
0.027153546
-0.049781501
-0.028617706
0.009517051
-0.051911186
0.046054542
-0.008651865
-0.011646742
0.018767891
0.019167209
-0.007154427
-0.020498265
-0.007021321
-0.006688557
0.006056305
0.017836152
-0.017303729
0.019699631
-0.037801992
-0.034607459
0.069214918
0.001863479
0.021962427
0.015373698
-0.036737151
-0.046054542
0.012977797
0.02276106
-0.029549446
-0.013310561
-0.012844692
0.021163793
0.03726957
0.045255911
0.007320809
-0.03008187
0.013377114
-0.001264503
0.024358327
0.070812188
-0.037801992
-0.03726957
0.038600627
0.043924853
0.006622004
-0.017569941
-0.015107487
-0.015972674
-0.011646742
0.027685968
0.023692798
0.048184231
-0.011646742
-0.014375406
0.034873672
-0.06309206
-0.007087874
-0.011912952
-0.048450444
0.019832736
-0.002578921
-0.032610878
0.0284846
0.009783263
-0.044989698
-0.017836152
0.001597267
-0.048716653
-0.023293484
0.022627955
-0.073474303
-0.035938516
-0.002162966
-0.005490607
-0.044723485
0.023027271
0.011779848
-0.019300314
-0.00878497
0.011779848
-0.02036516
-0.056969199
0.039665472
0.010781555
-0.06016374
-0.009583605
-0.025023855
0.036737151
0.017436836
0.008718418
-0.00425938
-0.011047766
-0.02702044
0.011114319
0.049249075
-0.016571648
0.011979504
-0.046586968
0.00665528
0.010648449
0.010715002
0.020631371
0.002712027
0.016704755
0.00675511
-0.002179604
0.018900996
-0.010382238
0.037535783
0.043924853
0.046586968
-0.004658696
-0.012112611
-0.049781501
-0.048450444
-0.035938516
0.013377114
0.021430004
0.011646742
-0.001372652
-0.010382238
-0.003560575
0.042061374
0.044457275
0.023959009
-0.013244009
-0.034607459
0.013310561
-0.031146713
0.005024737
-0.057235412
0.003893339
-0.010515343
-0.016704755
-0.025955593
0.026887335
0.071344607
0.010781555
0.008918076
-0.001073164
-0.022627955
-0.052443609
0.000615613
-0.059098892
0.00841893
-0.004525591
0.03008187
-0.043392431
0.009117735
0.017703047
0.010848108
0.012046058
0.011713294
-0.062559642
0.01351022
0.002795218
0.005956476
-0.032078452
0.001123079
-0.068150073
0.023426589
-0.016970966
0.023692798
0.00361049
-0.013576773
-0.070279762
0.03340951
-0.015373698
-0.021829322
0.042327587
-0.013709879
-0.022494849
0.004192827
0.024624538
-0.035139881
0.01018258
-0.018235469
-0.006522175
-0.037535783
-0.039931685
-0.002529007
-0.011447083
-0.022627955
0.008984629
0.054040879
-0.033808827
0.051911186
-0.015240592
0.060962368
-0.055638149
0.00878497
0.02915013
0.072409451
-0.085187592
-0.06016374
0.069214918
-0.000146624
-0.03340951
0.00342747
-0.03154603
0.051378768
-0.043392431
-0.013776432
-0.006222688
-0.034075037
-0.023293484
0.03886684
0.031146713
0.012645034
-0.01044879
-0.022228638
0.006023029
-0.015107487
-0.030747397
0.05670299
0.056170572
-0.021163793
0.072941877
0.03726957
-0.03726957
-0.01044879
0.008585312
-0.014042643
-0.038068205
-0.009916368
0.041795161
0.009916368
-0.003926616
-0.012511928
0.021962427
0.013909537
0.038068205
-0.022228638
0.008585312
0.003127982
-0.049781501
0.049515288
0.027552864
-0.028085286
0.008984629
-0.005690265
-0.03061429
-0.006056305
0.004725249
0.014042643
0.051378768
0.064156905
0.018767891
0.043658644
-0.033143297
-0.000969175
0.040464107
-0.010581897
0.031013608
-0.016305439
-0.025955593
0.081993058
-0.00665528
0.017436836
0.056170572
0.042061374
-0.021563109
-0.022095531
0.048450444
0.0260887
-0.040197894
0.016238885
0.013443667
-0.020098947
0.0260887
0.006122858
0.019699631
0.044723485
0.029416341
0.014508512
0.003643766
-0.005224395
-0.025689384
-0.011580189
-0.035139881
-0.02582249
-0.025423173
-0.062825851
0.067351438
0.008918076
-0.010249132
0.035139881
-0.059365105
0.010249132
-0.014175748
0.021163793
-0.001073164
0.050580136
0.008585312
-0.060962368
0.049515288
-0.048184231
0.085720018
-0.000229815
-0.008385654
-0.024890751
0.014974382
-0.017703047
-0.087317288
0.029017024
0.012378822
0.014308853
-0.059098892
0.033010192
0.001347694
0.021296898
0.06681902
-0.088914551
0.012711586
-0.012977797
0.038334418
0.007720125
0.01351022
-0.031013608
-0.01397609
-0.045788333
-0.004858355
0.056170572
-0.060696162
-0.029549446
0.05377467
0.002412539
-0.047651809
0.010715002
-0.004359209
-0.005590436
0.041528951
0.050313924
0.066020384
0.044989698
-0.027153546
-0.042327587
-0.05856647
0.03726957
0.034075037
0.066286594
0.014841276
0.010914661
0.016638201
-0.004209465
-0.062293425
0.01044879
0.003494022
0.050580136
0.015972674
0.011313978
0.029017024
-0.013443667
-0.038334418
0.050047711
-0.007620296
0.007953061
-0.016438542
-0.004825078
-0.008718418
-0.005157843
0.004891632
0.015839567
-0.03247777
0.018900996
-0.049249075
0.004292656
0.007653573
0.030214975
-0.040996529
0.012445375
0.024092115
-0.029416341
0.018235469
0.004325932
-0.085187592
-0.010315686
0.003227811
0.066552803
0.006788386
-0.031812243
0.043126218
-0.027552864
0.03726957
-0.017569941
-0.015972674
-0.003760234
0.033542614
0.028218389
-0.052976035
0.017569941
-0.005357501
-0.022627955
0.029549446
0.01943342
0.00462542
-0.020498265
0.031945348
-0.027552864
-0.005424054
0.033276401
-0.012511928
-0.032211561
-0.01563991
-0.050580136
0.018767891
0.048716653
0.000549061
-0.010049473
0.021030687
-0.033675719
-0.009583605
-0.000192379
0.011912952
-0.034873672
0.01943342
-0.008119443
0.044457275
0.019965842
0.04711939
-0.028617706
-0.026621122
0.020498265
0.028617706
0.050047711
-0.020764476
-0.001281142
0.042327587
0.042061374
-0.020764476
0.014441959
0.006688557
0.035672303
-0.051378768
0.011646742
0.04073032
0.021163793
-0.029682552
0.001414247
0.023959009
0.028750813
-0.024491433
0.016970966
-0.034873672
-0.002479092
-0.051911186
-0.015107487
0.0260887
0.00815272
0.004891632
-0.005290948
-0.00841893
-0.027286651
0.042061374
0.043392431
-0.017836152
0.015373698
0.019965842
-0.025689384
0.007620296
0.020498265
-0.008651865
0.015706463
-0.014708171
0.039133053
0.008585312
-0.0260887
0.024890751
0.025023855
-0.013110902
-0.054040879
-0.015573356
0.002162966
0.023160378
-0.004758526
0.018634785
-0.030880501
0.03726957
0.00083191
0.009383946
0.064689331
0.016438542
0.00425938
-0.045255911
0.048982866
-0.010382238
0.004425762
0.055371936
-0.003693681
0.044457275
-0.023027271
0.006122858
-0.019566527
0.022361742
0.025156962
-0.039931685
-0.03061429
0.031013608
0.062293425
-0.046586968
-0.026621122
0.00407636
0.023959009
-0.009583605
0.018102363
-0.063624486
-0.071877033
0.002928324
0.011047766
-0.007154427
-0.011846399
0.056969199
0.003494022
0.03726957
0.059098892
0.029017024
0.021163793
0.016238885
-0.042327587
0.028351495
