voyage-4:ffb82362c6a5995dbd40b522c008ac26f2e885866cdb15977e2b0f05516a6412
-0.002615428
0.000163464
-0.015721465
0.029824546
-0.012369093
0.001257139
-0.000480458
-0.009594717
-0.031674128
0.038378868
0.015952662
0.00345352
-0.035835691
-0.021617014
0.007745133
0.021270217
0.052713148
-0.020461025
0.018033445
0.011097505
-0.021270217
0.004190464
-0.056412317
-0.012889289
-0.00705154
-0.01861144
-0.038147673
0.03606689
-0.022657406
0.021732613
0.039766058
0.010750707
-0.032830115
-0.01283149
-0.026356574
0.037454076
-0.00924792
0.028668554
-0.039072465
0.068897009
-0.027396966
-0.00459506
0.05363794
0.03121173
-0.060573876
0.021385817
-0.014796673
-0.050401166
-0.030980533
0.00583775
-0.017686648
0.015721465
-0.025894178
-0.037222881
-0.031905323
0.025084985
0.008034131
-0.016183861
-0.037916474
0.030055741
0.019883029
0.005028557
-0.031442929
0.042309236
0.000939242
0.034217305
0.033754908
-0.044621218
0.019998629
-0.013004889
0.043927621
0.028784154
-0.064273044
0.026009778
-0.07213378
0.018033445
0.030980533
0.001069291
0.017224252
-0.031905323
-0.021963811
-0.011906697
-0.013929681
-0.050632365
-0.016646257
0.035604492
-0.009132321
0.041384444
0.020229826
0.004537261
0.025547381
0.012889289
-0.023235401
0.023582198
0.029015351
0.042078037
-0.050863564
-0.010924106
0.00354022
-0.002456479
-0.04069085
0.033523712
0.005028557
0.004190464
0.022657406
0.052019555
-0.037685275
0.034217305
-0.035142098
0.001567812
-0.004306063
-0.026472174
0.006213447
-0.00924792
0.032136522
-0.025316183
-0.002832176
-0.043927621
0.000577995
-0.012715891
-0.023466598
-0.041846842
0.003106723
0.017108653
0.01861144
0.026587771
-0.002167481
0.012311295
-0.035604492
0.015605865
0.016877454
-0.003410171
-0.00089228
-0.027974959
-0.052944347
0.032136522
0.023697797
-0.037222881
0.04762679
0.038147673
-0.024738187
-0.052019555
0.024044594
0.070284195
0.024969386
0.024969386
0.020229826
0.006646943
-0.035373297
0.017571049
0.054793932
-0.00580885
0.009479119
-0.055025127
-0.019189434
-0.010519509
0.006444645
0.015374667
-0.021039018
0.035604492
0.014218678
0.004017065
0.01733985
-0.013582883
0.028552955
0.013120487
0.068434611
-0.020114226
-0.020114226
0.011733299
-0.004045965
0.031905323
0.009421319
-0.004884058
0.032830115
-0.014103079
-0.022773005
-0.004941857
0.023582198
-0.017917845
-0.003641369
-0.032136522
0.015837064
-0.008901123
-0.016183861
0.031442929
0.064735442
-0.040228453
-0.010635109
-0.016183861
0.028090559
0.050401166
-0.031905323
0.005924449
0.051557157
-0.010114913
-0.032830115
-0.007196038
-0.093403995
0.014334277
-0.031674128
-0.015721465
0.03606689
0.006907041
0.010577309
-0.007745133
0.024738187
0.024044594
0.00924792
-0.026240975
0.005722151
-0.028784154
-0.022310609
0.000722494
0.012773691
0.052713148
-0.077220134
-0.051325958
0.045314811
0.02450699
-0.014912273
-0.002109682
-0.017224252
-0.015952662
-0.034910899
-0.02681897
-0.017224252
-0.032830115
-0.00348242
0.007513935
-0.011328703
-0.000516583
0.012369093
0.011733299
0.001423313
0.042309236
0.033523712
-0.046239603
0.026356574
-0.01733985
0.00583775
0.022541806
-0.037685275
-0.052019555
0.002008533
-0.07213378
0.01976743
0.013871881
0.004219363
-0.018958237
0.0584931
0.010230512
0.018842638
-0.002413129
0.001965183
-0.023928994
0.04069085
0.012022297
0.075832948
-0.007456136
0.013929681
-0.004479461
-0.021501414
0.033292513
-0.019883029
-0.033292513
0.033292513
-0.030286938
-0.026703371
-0.014449877
0.023004202
-0.010057113
-0.02219501
-0.014449877
0.019998629
0.05363794
-0.081381701
-0.066122629
-0.008785524
-0.001921833
0.025662979
0.017686648
0.03259892
-0.035604492
0.005548752
0.048320387
-0.027512563
-0.003077824
0.023350999
-0.004450561
0.00809193
-0.03606689
-0.002745476
-0.006357946
-0.033986107
-0.000960917
-0.03606689
0.013756282
0.011964497
-0.02924655
0.034910899
-0.063810647
-0.06242346
-0.000082184
-0.016068261
-0.003988165
-0.019305034
-0.026240975
0.017917845
0.0346797
-0.012369093
0.045083612
-0.024044594
0.043465227
0.010981905
0.00009844
-0.014449877
0.025084985
0.019420633
-0.054562733
0.007513935
-0.004161564
0.069359399
-0.025547381
-0.019883029
0.039766058
0.023582198
-0.030518137
0.025200583
-0.047395594
0.024160193
0.028552955
-0.003598019
-0.02450699
0.06242346
-0.012253495
-0.009363519
0.02450699
-0.004074865
0.006907041
0.010057113
0.031905323
0.011733299
-0.040459651
0.025547381
-0.031442929
-0.013640683
-0.017802246
-0.007513935
0.042540435
-0.011386503
0.025547381
-0.044621218
-0.024969386
-0.02450699
-0.079069719
0.044621218
0.028668554
0.019305034
-0.020229826
0.018033445
0.025778579
-0.010172713
-0.011270903
-0.036298089
0.032830115
-0.003901466
0.037685275
0.04415882
0.005462053
0.001575036
-0.011328703
0.018958237
0.040459651
0.016530657
-0.037222881
-0.006849241
0.037685275
-0.020461025
0.051788356
-0.038378868
-0.009594717
0.031442929
-0.001257139
-0.033523712
-0.03121173
0.034910899
-0.01398748
-0.015605865
-0.027512563
0.041153245
-0.062885858
0.020576622
0.049476374
0.033986107
0.002543178
0.006820342
0.040922049
-0.00577995
0.030055741
0.007224938
0.009421319
0.050169971
-0.010519509
0.025662979
-0.00809193
-0.004479461
-0.018264642
0.000946467
-0.031905323
0.02450699
-0.021501414
0.023697797
0.017917845
0.012715891
-0.009594717
0.038147673
0.006935941
0.009941515
0.02439139
-0.056412317
0.002181931
0.011617701
-0.02439139
-0.061036274
0.010403911
0.000185139
-0.003583569
-0.00809193
0.015605865
0.018495841
0.013582883
-0.014681075
-0.021039018
0.038841266
-0.031674128
-0.043234028
0.047857989
0.012484693
-0.020923421
0.049938772
-0.029015351
-0.00583775
-0.027165767
-0.051788356
-0.007918532
-0.014334277
0.01502787
0.027743762
-0.04762679
-0.039997257
0.012773691
-0.029824546
0.013236087
-0.037685275
-0.037685275
-0.006907041
0.001791785
-0.007802933
-0.016761856
0.011386503
0.026587771
0.020114226
0.007138239
0.07537055
0.018149044
-0.017108653
-0.021154618
0.012542493
0.023813395
-0.002557628
-0.004826258
-0.004855158
0.003410171
-0.020345425
0.071208984
0.028552955
-0.008496527
-0.010924106
-0.001322164
0.000251067
-0.056181118
0.043465227
-0.040228453
-0.00699374
-0.069359399
0.01965183
0.050401166
-0.067972213
-0.013525084
-0.016877454
-0.00354022
-0.017455449
-0.04069085
-0.009594717
-0.031442929
0.006849241
0.02936215
-0.0346797
-0.042309236
-0.016530657
0.020345425
-0.021270217
0.01976743
0.013582883
0.004855158
-0.00809193
0.023582198
-0.006473545
0.000885055
-0.020114226
-0.021385817
0.047395594
0.005144156
0.004392762
-0.067047425
0.001632836
-0.013409485
0.0346797
-0.02439139
-0.068434611
0.039766058
-0.027743762
-0.096178375
0.023004202
-0.029130951
0.014160879
0.003728068
-0.046239603
-0.00814973
-0.006126747
0.036298089
-0.023582198
-0.002586528
-0.006935941
0.060573876
-0.04069085
0.040228453
-0.042540435
-0.017455449
0.01965183
0.03259892
0.061961066
0.041384444
0.00459506
0.038841266
0.000279966
0.019189434
-0.030286938
-0.038378868
0.020461025
-0.063348256
-0.022541806
-0.038610067
0.013293886
-0.020229826
0.009768116
0.061036274
0.005086356
-0.050401166
0.019305034
-0.00696484
-0.009479119
0.006184547
0.011791099
-0.005895549
-0.043696426
0.004277163
-0.00026371
-0.014334277
-0.009190121
0.05710591
-0.016761856
-0.011791099
-0.021848213
0.006473545
0.00111264
0.032367721
0.014738874
0.030055741
-0.036991682
-0.038841266
0.008438727
0.021617014
-0.011559901
-0.03121173
0.012022297
-0.066122629
0.01965183
-0.037916474
-0.054331534
0.044621218
-0.057568308
0.029824546
0.007629534
-0.016183861
-0.035373297
0.045314811
0.007918532
0.068434611
-0.012542493
0.000112438
-0.002514278
0.053869139
-0.012600292
-0.03930366
0.019536233
0.00236978
0.013929681
0.010230512
0.024622589
-0.010057113
0.017571049
-0.000769456
0.043465227
-0.033986107
-0.055718724
-0.058261901
-0.001892934
-0.000617732
-0.021963811
-0.055949919
0.008265329
-0.03121173
-0.039997257
-0.014623275
-0.033754908
0.025894178
-0.017802246
0.03259892
-0.047395594
-0.013871881
-0.025547381
0.049245179
0.006097848
-0.021963811
-0.033754908
0.012137895
-0.010519509
0.007976331
0.032830115
0.056643516
-0.01283149
-0.011848899
-0.020114226
-0.066585027
-0.009825915
-0.035835691
-0.010403911
-0.024853786
0.026703371
-0.004537261
0.008323128
-0.026472174
0.052481949
0.010981905
0.018842638
0.049707573
-0.006704743
0.006704743
0.028090559
-0.058261901
-0.017571049
-0.002022983
0.005693251
-0.042078037
0.021385817
-0.023928994
-0.02681897
0.014218678
0.007571734
-0.02439139
0.01502787
0.005115256
-0.017802246
0.002528728
-0.009710317
0.067972213
-0.059649091
-0.030055741
-0.049938772
0.036991682
-0.00459506
0.013756282
0.019998629
-0.019998629
0.001979633
-0.0346797
-0.022310609
-0.019420633
0.006878141
0.033754908
-0.005028557
-0.027281366
0.018958237
-0.045314811
0.01733985
-0.012426893
-0.033061314
-0.003756968
0.036991682
0.03606689
-0.062885858
-0.009190121
0.051788356
-0.026472174
0.016877454
-0.004074865
-0.016530657
-0.008496527
-0.007745133
-0.082768887
0.002080782
0.024969386
0.003106723
0.020807821
0.017108653
-0.01502787
-0.007629534
0.04901398
-0.011097505
0.019420633
-0.033754908
-0.015837064
0.016068261
0.093866393
-0.054100335
0.006068948
-0.040459651
-0.030286938
-0.025084985
-0.002687677
-0.025084985
-0.011097505
0.088780038
0.017571049
0.019305034
-0.067047425
0.009132321
0.018380241
-0.010230512
-0.020345425
-0.001849584
-0.007398337
-0.04415882
0.000755006
-0.023350999
0.011906697
0.032830115
0.023813395
0.035604492
-0.037454076
0.028552955
0.029130951
-0.051325958
-0.024622589
-0.013120487
0.07213378
-0.017455449
0.023350999
0.005577652
0.055949919
-0.027859362
0.003814767
0.038378868
-0.020114226
0.00117044
0.007196038
-0.033292513
0.013814081
-0.033986107
-0.034910899
-0.087392852
-0.002109682
-0.017455449
0.007340537
0.072596177
0.05225075
0.076295346
-0.009652517
-0.030518137
-0.028784154
0.001517237
-0.005693251
0.023119802
-0.036298089
-0.031674128
0.042771634
0.010403911
0.024622589
0.04762679
-0.041384444
-0.064735442
-0.026587771
0.023813395
-0.003554669
0.033061314
0.002918875
0.001271589
0.01046171
0.030749334
-0.006357946
0.002629877
-0.017108653
0.047395594
0.016415058
-0.063810647
-0.054562733
-0.055718724
0.009536918
-0.004161564
0.010519509
0.02219501
0.006040048
0.012773691
0.038147673
-0.028552955
0.058030702
-0.00577995
-0.013178287
0.006704743
0.009016722
-0.030055741
0.009363519
-0.002095232
0.034448504
-0.017224252
-0.112362236
-0.00580885
0.027396966
0.013293886
-0.072596177
-0.013582883
0.015259068
-0.007224938
0.020345425
0.020923421
0.029824546
-0.019998629
-0.052481949
0.010750707
0.002962225
-0.019883029
0.004710659
-0.001538912
-0.046933196
-0.071208984
0.065660231
0.028206158
-0.049245179
0.001589486
0.02924655
-0.007629534
0.020461025
-0.002889975
0.00236978
-0.018958237
-0.033292513
0.061961066
0.017686648
-0.027512563
-0.001098191
-0.008901123
-0.066122629
-0.008958923
-0.012426893
0.02693457
-0.032136522
0.04901398
-0.021732613
0.028668554
-0.019189434
0.030749334
-0.016761856
-0.028784154
0.073983364
-0.02450699
0.03606689
0.048089188
-0.059649091
0.028784154
0.027281366
0.055025127
-0.039534859
-0.049245179
0.018842638
0.037916474
0.01965183
-0.030980533
-0.012137895
0.02207941
0.006733642
-0.047164395
-0.001965183
0.000975367
-0.020576622
-0.044621218
-0.015374667
0.024275791
-0.003410171
0.013409485
0.023813395
-0.008554326
-0.016183861
0.046239603
-0.033061314
0.009825915
0.029824546
-0.065660231
0.034448504
0.030518137
-0.024044594
-0.021270217
0.029015351
0.002167481
0.058724299
-0.018842638
-0.060111482
0.020923421
0.037916474
-0.032367721
0.013756282
0.013525084
0.069821797
0.013525084
-0.036991682
-0.003930366
-0.020923421
0.004855158
0.019073837
0.013525084
0.055718724
0.035604492
-0.023350999
-0.00699374
-0.023928994
-0.041846842
-0.092941605
0.041846842
-0.013756282
0.007860732
0.036529284
-0.011386503
0.006675843
0.000740556
-0.034448504
0.007571734
-0.028206158
0.059649091
-0.00062857
-0.020114226
0.030749334
-0.024275791
-0.033523712
0.015721465
0.018727038
-0.004363862
-0.009594717
0.012253495
-0.059649091
0.024738187
0.021848213
-0.026356574
0.072596177
-0.01733985
0.03606689
-0.01502787
-0.040922049
0.021848213
-0.020923421
0.016761856
0.028321758
0.004826258
-0.052019555
0.006531344
-0.036760483
-0.030286938
0.037916474
-0.055025127
0.016530657
0.008843324
0.037454076
0.00930572
0.046008404
0.002673227
-0.005230855
0.013756282
-0.036991682
-0.002673227
-0.041846842
0.032367721
-0.015143469
0.008496527
-0.049245179
-0.055256326
-0.036529284
-0.063348256
-0.04415882
0.017686648
-0.039072465
0.000213136
-0.015374667
0.06519784
0.028206158
-0.040922049
0.001965183
0.041615643
0.024160193
-0.009536918
0.025778579
-0.016761856
0.049938772
-0.002832176
0.045083612
0.033292513
-0.008727725
-0.014796673
-0.023697797
0.023582198
0.057337109
-0.006502444
-0.025894178
-0.016761856
-0.038610067
