voyage-4:a3267c8c9744685f68a6424d8439b57ef43b445cd29e51aee6e3997bae21f9e6
0.033547506
-0.007677217
0.004016023
0.010064252
0.009419107
0.025547717
0.004741811
0.007967533
0.001427382
0.015096378
-0.00858042
-0.00127416
0.006612729
-0.014515747
0.01935433
-0.018709185
0.053676009
0.006999816
0.065546662
0.012257742
0.012709344
-0.022192964
-0.052127659
-0.029289553
-0.062449969
-0.053934064
0.004419239
0.022709081
-0.085675165
-0.01948336
-0.024773542
0.055740472
-0.011290026
0.018322099
-0.001508025
-0.025676742
-0.051095434
-0.02167685
-0.016644724
0.046192337
-0.019870445
0.007193359
-0.035095852
-0.001983819
-0.024773542
-0.03187013
0.024644513
-0.023096168
-0.007128845
0.029805668
-0.002258005
0.003838609
-0.006870787
0.003257979
-0.004257953
-0.032773331
0.01193517
-0.028644407
-0.003032178
0.027870236
0.00509664
0.049030967
0.004548267
0.025934801
0.030837897
0.041289236
0.016902782
-0.020773647
0.074320622
0.020128503
0.016515695
0.005741785
-0.044385929
0.000312492
-0.045160104
0.046450388
-0.000007434
0.010644881
-0.016902782
-0.008773963
-0.022321993
-0.00382248
0.004548267
0.003338622
0.012386771
0.051611543
-0.029805668
0.024902571
-0.012644829
0.014580262
0.014257689
-0.016902782
0.014064147
0.035611968
0.032644302
-0.013612545
-0.026838005
-0.005193412
0.033547506
-0.047740679
-0.047740679
0.04077312
0.003387008
-0.013548031
-0.015999578
0.041031178
-0.052385718
0.016773753
-0.027999265
-0.011999684
0.051353484
0.018838214
0.038708661
-0.029676639
-0.00451601
-0.052901834
0.000830623
-0.052385718
0.015612492
0.004080538
0.01819307
-0.077933438
-0.003451522
0.000356845
-0.031224985
-0.020902677
0.006322415
0.060127452
-0.038966719
0.015031863
-0.002580577
0.034063622
0.026967032
0.058321048
0.02374131
0.006967559
0.024902571
-0.005999842
-0.041031178
0.013225459
0.007386902
-0.033031389
0.034579735
0.029031495
-0.047482621
-0.009999737
0.01948336
0.00121771
0.005515984
0.00001323
0.03535391
-0.049547084
0.00974168
-0.061417736
-0.018838214
0.049030967
0.002274134
0.005193412
-0.009096535
0.051869601
-0.052901834
-0.04412787
0.040515065
-0.032515272
0.095481358
0.02387034
0.055482414
-0.013354488
-0.003451522
0.039998949
0.000838688
0.004612782
0.001209646
0.003306365
-0.009612651
0.002322519
-0.007709474
0.029031495
-0.00509664
-0.002241876
-0.068643361
0.000253018
0.005032126
-0.008773963
0.027096061
0.04567622
0.024128398
-0.028515378
-0.030708868
0.020644618
0.030192755
0.029547609
-0.092384674
-0.023354223
-0.015160892
-0.018967243
-0.02722509
0.016902782
-0.111480944
-0.018838214
-0.044902045
-0.001072553
-0.001314481
0.033805564
0.03187013
0.035611968
0.010515852
0.037160311
0.024128398
-0.034579735
0.034579735
-0.036128081
-0.032773331
-0.004999869
0.000239913
-0.025676742
-0.028902465
-0.02387034
0.043869812
0.006612729
-0.049547084
-0.021031704
-0.006290157
-0.032386243
-0.062966086
-0.019999474
-0.029031495
-0.076385088
-0.000079131
-0.006096614
-0.052385718
-0.054966297
-0.037160311
0.016773753
0.01077391
0.014451233
0.065546662
-0.031483043
0.011741626
-0.021031704
0.050321259
0.002193491
-0.048256796
-0.003532165
0.045934279
-0.020128503
-0.003387008
-0.066062778
-0.040515065
-0.031612072
0.045934279
-0.031741101
0.049805142
0.015999578
0.02154782
-0.008322362
0.036128081
0.0250316
0.065546662
-0.002822506
-0.002128976
-0.024128398
0.017289868
0.046708446
0.012709344
-0.012064199
0.022192964
0.000360878
0.015289921
-0.053676009
-0.04412787
-0.000266122
-0.026450917
-0.013483516
0.024128398
0.061159685
-0.042321466
-0.026321888
-0.040515065
0.00266122
0.023096168
-0.014451233
0.025418688
-0.032257214
0.004709553
0.041031178
-0.052385718
-0.007322388
0.038192544
-0.063482203
-0.000858848
-0.020773647
-0.041805353
-0.010644881
-0.033031389
-0.039482832
-0.047998738
-0.020515589
-0.015935065
-0.025547717
0.046192337
-0.071223937
-0.016515695
0.015289921
-0.009999737
-0.011160997
0.03187013
0.026450917
-0.02387034
0.035870023
0.021160733
-0.026450917
-0.00545147
-0.019225301
-0.012709344
0.024773542
0.019999474
0.067095011
-0.003257979
-0.034321681
0.047482621
-0.019741416
0.029547609
-0.058579106
-0.026321888
0.029031495
-0.045418162
0.005354698
0.031483043
-0.015225407
-0.033289447
-0.037160311
0.01193517
-0.045934279
0.024644513
-0.000022303
-0.038966719
0.048514854
-0.042321466
-0.009290078
0.001451575
0.003322493
-0.00903202
-0.030837897
0.055224355
-0.02606383
-0.004354724
0.015677007
-0.033805564
-0.025547717
0.01935433
0.030321784
-0.058062989
-0.018709185
0.019741416
-0.073804505
0.041805353
-0.030063726
0.009354592
-0.005290183
0.000927395
0.011677111
-0.037676428
-0.032257214
-0.028128294
0.038708661
-0.021289762
-0.021418791
-0.015870551
-0.026967032
0.036644198
0.036644198
-0.003048307
0.019096272
0.017676955
0.023096168
-0.01935433
0.007096587
-0.00567727
0.014644776
0.000370958
0.004645039
0.011096482
-0.026708975
-0.003725708
-0.021934906
0.032386243
0.01716084
0.035095852
-0.045160104
-0.010257795
-0.068643361
-0.006290157
0.052901834
-0.049547084
0.022580052
0.018451126
0.010902939
0.001733825
0.036902253
0.010451338
-0.001032231
0.01716084
-0.001145131
0.025934801
-0.016644724
0.001153195
0.001709632
-0.012838371
-0.008451391
-0.00903202
0.039482832
-0.027354119
0.013935118
-0.006322415
-0.033547506
0.002983792
-0.006870787
0.021418791
-0.009612651
-0.054192122
0.007967533
0.054192122
-0.01135454
-0.048514854
0.01077391
-0.067611128
-0.003886994
0.07070782
-0.004451496
0.021418791
0.014838319
-0.00487084
-0.051869601
0.033805564
-0.020257533
-0.0062579
0.077933438
0.042579524
0.048256796
0.017547926
-0.008193333
-0.030450813
-0.015999578
-0.061417736
-0.016064093
0.015031863
-0.079997897
-0.016902782
-0.01948336
0.012064199
0.021160733
0.027483149
0.052385718
-0.005741785
0.003387008
-0.031224985
0.028773436
-0.046708446
-0.059869394
-0.022709081
-0.016128607
0.00196769
0.000453617
-0.00545147
-0.004064409
-0.030837897
0.00370958
0.055482414
0.007612703
0.042321466
-0.006806273
-0.018064041
0.001096745
0.013160944
0.049030967
0.039998949
-0.00567727
-0.000963684
-0.016386665
0.03290236
-0.004257953
0.004386981
-0.007386902
-0.0129674
-0.03535391
-0.02167685
0.00822559
-0.045160104
0.004709553
0.021289762
-0.043869812
-0.016773753
0.001096745
0.002467677
-0.00741916
0.02374131
0.030192755
0.007548189
0.004838583
-0.042063408
-0.023483252
-0.017805984
0.022192964
0.005290183
0.012838371
0.037676428
-0.036902253
-0.012902886
0.010322309
-0.010709396
0.00254832
-0.017289868
0.005741785
-0.020644618
-0.004451496
0.015160892
-0.018709185
0.035870023
-0.00243542
-0.048772912
0.048772912
-0.037676428
-0.050579317
0.004903097
0.022709081
-0.027483149
-0.001306417
-0.026192859
0.013870603
-0.011806141
0.007870761
-0.045418162
-0.083610706
-0.024644513
0.06425637
-0.05599853
-0.014644776
-0.011806141
-0.033547506
-0.006967559
0.001870919
0.097029708
0.065030545
-0.02167685
0.014580262
0.041805353
0.033805564
-0.037934486
-0.06038551
0.039224777
-0.032515272
-0.010064252
-0.014257689
-0.021934906
0.015225407
-0.002709606
0.008322362
-0.003290236
-0.023225194
0.012128714
-0.006322415
-0.031095956
-0.019870445
-0.021160733
-0.002161233
0.026192859
0.003483779
0.043353699
0.003403136
-0.029547609
-0.019612389
-0.050321259
-0.011096482
-0.051611543
0.013741574
-0.006644987
-0.056256589
-0.01935433
-0.04077312
-0.008838478
0.009548136
-0.013160944
0.002645092
0.002870892
-0.031999156
-0.009548136
-0.035611968
-0.027999265
0.002112848
-0.016322151
0.038192544
0.013160944
-0.086191282
-0.036128081
-0.030579843
-0.059353277
0.025805771
0.019870445
0.058062989
-0.052901834
-0.04412787
-0.024773542
0.068127245
-0.015741521
0.047998738
0.071223937
-0.02374131
0.004645039
0.008096561
-0.019612389
-0.013870603
0.004935354
0.030450813
0.066062778
0.009548136
0.027999265
-0.011419055
0.026192859
0.062449969
-0.055224355
-0.038708661
-0.006386929
-0.007483674
-0.041289236
0.003387008
-0.011225511
-0.012773858
-0.001451575
0.026579946
-0.03638614
0.053417951
-0.04567622
0.034063622
-0.005515984
-0.035095852
-0.040257007
0.00974168
0.022063935
0.017031811
0.024773542
-0.00822559
-0.013870603
-0.02283811
0.018967243
-0.072772279
-0.01935433
-0.015741521
0.024128398
-0.013096429
0.045160104
-0.042321466
0.04077312
0.034837794
0.009806194
0.065030545
0.034837794
0.000037801
-0.039224777
0.039482832
0.054192122
-0.049805142
-0.0125158
-0.013096429
0.015289921
-0.030192755
0.039224777
-0.011806141
-0.015612492
0.022192964
0.025805771
-0.024257427
0.023612281
-0.062966086
-0.025160629
0.039224777
-0.018580155
0.04077312
-0.059611335
-0.012193228
-0.020128503
-0.010386824
-0.014902834
-0.030837897
-0.025289658
0.026708975
-0.009225563
-0.050837375
0.02154782
0.017935012
-0.026192859
0.035095852
0.038966719
-0.009096535
-0.03290236
-0.042321466
0.003225721
-0.002193491
-0.058062989
0.01948336
0.020773647
-0.007967533
-0.02154782
0.000649176
0.062966086
-0.02283811
-0.025160629
-0.020644618
-0.008386876
-0.019612389
-0.032644302
-0.033547506
0.039224777
-0.004806325
-0.016257636
0.022063935
-0.005128897
-0.008257847
-0.051611543
0.077417322
-0.053934064
0.041289236
-0.042321466
-0.030579843
-0.026967032
0.028773436
0.029805668
-0.005580498
-0.017935012
0.00822559
0.027870236
0.005193412
0.019741416
0.007838503
0.038708661
0.038708661
0.007096587
-0.011677111
0.001201581
0.036644198
-0.014838319
-0.056256589
-0.008838478
-0.011999684
-0.014902834
0.023612281
-0.013225459
0.013999633
0.048256796
0.043611757
0.028386349
-0.043611757
0.001983819
-0.018064041
-0.05445018
0.007644961
-0.011419055
0.013741574
-0.014386718
0.027999265
0.039224777
0.022967139
-0.037934486
-0.041289236
0.052385718
-0.041031178
0.022580052
-0.031483043
-0.032644302
-0.049289025
0.005161155
-0.010322309
-0.04567622
-0.016902782
-0.039224777
-0.033805564
-0.022321993
-0.010257795
0.038450602
0.0125158
-0.00382248
0.001653182
0.014580262
-0.013031915
0.008096561
0.017031811
-0.029160524
0.095481358
-0.008967506
-0.030450813
-0.016064093
-0.055482414
-0.059611335
-0.063740261
0.012838371
-0.038450602
0.059869394
0.002580577
-0.009483621
0.048514854
-0.007935275
0.035095852
-0.00545147
-0.031224985
0.010515852
0.039482832
-0.049030967
-0.037160311
0.004451496
0.02722509
-0.003161207
0.011548084
-0.001604796
0.021160733
0.010838425
-0.00974168
-0.018322099
0.033805564
-0.019612389
-0.013806089
-0.043353699
-0.023354223
0.018838214
0.007032074
-0.038192544
-0.015289921
-0.002112848
-0.107352018
-0.019870445
0.019225301
-0.009935223
-0.018064041
-0.036128081
-0.017418897
0.006903044
0.024902571
0.057288814
0.025418688
-0.017418897
-0.034837794
-0.005225669
0.037418369
0.036128081
-0.003177336
0.002532192
-0.023483252
0.004451496
0.063998312
0.047482621
-0.037676428
0.00974168
0.022967139
0.016902782
-0.00202414
0.020773647
0.037418369
0.0250316
-0.027741207
0.055482414
0.028902465
0.023225194
-0.026192859
-0.004741811
-0.019999474
-0.026192859
-0.02038656
0.037934486
0.000616919
0.031483043
-0.006774015
0.052643776
-0.035870023
0.016644724
0.039998949
0.006386929
0.053159893
-0.010967453
0.006644987
0.023612281
-0.027999265
-0.015160892
0.058321048
0.048514854
-0.020128503
-0.04077312
0.035870023
0.002919278
0.016386665
-0.017031811
-0.005709528
-0.026838005
-0.014515747
-0.026321888
-0.039482832
-0.002596706
-0.028773436
-0.022709081
-0.018580155
0.012451285
0.00301605
-0.021418791
0.039998949
-0.021031704
-0.032128185
0.025160629
-0.0250316
-0.008773963
-0.034321681
-0.004838583
0.01819307
0.012128714
-0.041805353
-0.034579735
0.036128081
0.005354698
0.007515932
-0.033031389
-0.019741416
0.029805668
-0.000278219
-0.011612597
0.001169324
0.007032074
0.029289553
-0.007386902
-0.033031389
-0.018322099
-0.034063622
0.012902886
-0.014515747
0.032644302
0.057288814
0.005128897
-0.036128081
-0.000128525
-0.007225616
0.017676955
-0.02167685
0.033547506
0.045418162
0.032515272
-0.000429424
0.004806325
0.015547978
0.034063622
-0.042321466
0.049805142
0.010257795
0.008709448
0.01148357
-0.005645013
0.009612651
-0.049805142
-0.006967559
0.008096561
0.011031968
-0.01716084
-0.025289658
0.00509664
-0.031354014
0.014193174
-0.016386665
-0.017289868
0.019096272
-0.002564449
-0.038192544
0.022709081
0.03535391
0.021289762
0.004935354
0.012451285
-0.003806352
-0.000568533
-0.03290236
-0.032128185
0.037676428
-0.02722509
0.017935012
0.002919278
0.000401199
0.017935012
0.006870787
0.001225774
0.037676428
-0.003048307
-0.009225563
-0.024902571
0.00451601
-0.025805771
-0.023612281
0.05883716
0.025676742
0.012773858
-0.018322099
0.013999633
-0.006032099
-0.097545825
-0.002983792
0.029805668
-0.042837583
-0.026967032
0.007644961
0.072772279
-0.017289868
0.043611757
0.021160733
-0.049030967
0.010257795
0.01470929
0.004645039
-0.000160278
0.035611968
-0.067095011
0.023483252
0.00069353
0.055482414
0.022709081
0.042063408
0.042063408
0.01819307
-0.049547084
-0.021805879
-0.064514428
-0.006967559
