voyage-4:5f829337cdf24b767b6e9410af413cecce93fef73927395796763fd0d264672d
0.059108805
-0.032994598
-0.040344104
-0.040031362
0.033932831
-0.003049264
-0.007036763
0.009890561
-0.011102447
0.018921072
0.021423033
-0.027677933
-0.002638786
0.000188136
-0.026114207
-0.019155631
0.05504312
-0.00193511
0.036747538
-0.030023519
0.013213477
-0.00250196
0.002951531
-0.021423033
-0.01125882
-0.034401949
0.011806124
-0.001485539
-0.040031362
0.009460536
0.009069605
0.010398771
-0.00562941
0.032212734
-0.041595083
0.006958576
-0.090696052
0.043784302
-0.048475474
0.050039198
0.039405871
0.014464457
-0.011415193
-0.00813137
-0.003225183
-0.009734188
0.040344104
-0.010946075
-0.00431979
0.025488717
0.031118128
-0.002697426
0.003850673
-0.004769361
-0.011727937
-0.050351944
0.034714695
0.021579405
-0.012822544
0.034089204
-0.022674013
0.049413711
-0.002228308
0.003322916
0.011806124
0.023768621
0.018295582
-0.059734292
0.061610766
-0.012197055
0.000952895
-0.011649752
-0.043784302
0.020797541
-0.015480878
-0.001465992
0.03987499
-0.014308084
-0.04691175
0.008053184
0.005355758
-0.002267401
-0.026114207
-0.042846065
0.016731856
0.056294102
0.000767203
-0.015011759
-0.002716972
0.021110287
0.02064117
0.02064117
-0.005551224
0.022204895
0.024237737
0.014308084
-0.050351944
-0.022986759
-0.048162732
-0.045660771
-0.030023519
0.05691959
-0.034401949
0.00562941
0.010086026
0.023924993
0.003303369
-0.00122166
-0.064112723
-0.032994598
-0.014308084
0.025332345
0.02627058
-0.023612248
-0.011727937
-0.04691175
-0.000395818
-0.018530142
-0.017982839
-0.005863969
-0.065989196
-0.063799977
-0.00013255
0.008170463
0.010946075
0.015949994
-0.012744359
0.011102447
-0.030961756
-0.043784302
0.038311262
-0.001368259
-0.032056361
0.030179892
-0.017982839
-0.001040854
-0.013838966
0.000075132
-0.008717767
0.039093126
0.016340926
0.015559064
-0.020172052
0.066927426
0.009108698
-0.055355866
-0.006450365
0.015715437
0.000845389
0.025645088
-0.015011759
-0.066927426
-0.009108698
-0.039562244
-0.060985278
-0.009929654
0.004730268
0.003616114
-0.045660771
0.041282341
-0.016653672
-0.004554349
0.013995339
-0.038311262
0.026739698
0.015480878
0.041282341
-0.017435534
0.001348713
0.008913233
0.022830386
0.023299504
-0.018608328
0.021266662
0.006333086
0.023768621
-0.041282341
0.022361267
0.01587181
-0.034714695
-0.00068413
-0.01125882
0.03878038
-0.022986759
0.012197055
0.029710773
0.012744359
-0.060047038
-0.02251764
0.014464457
0.022830386
0.022204895
-0.10195487
0.003029717
-0.005355758
-0.032994598
-0.007388601
-0.018061023
-0.069742136
0.00813137
-0.023924993
-0.008483208
0.031274501
-0.029867146
-0.011180634
0.004026592
0.011337006
0.030492639
0.023612248
0.021735778
0.025957834
-0.005316665
-0.008991419
0.004534802
0.022204895
0.01626274
-0.017982839
-0.063174494
0.024550483
-0.045660771
-0.025019599
-0.034401949
-0.030179892
-0.004182964
0.010007841
-0.039093126
-0.001417126
-0.034558322
0.005824876
-0.020953914
-0.035965677
-0.097576439
-0.04065685
0.033620086
0.004280697
0.03174362
0.040344104
-0.033776458
0.027834306
-0.032994598
-0.003322916
0.017591907
-0.045660771
-0.026583327
-0.009225978
-0.005942155
-0.005551224
-0.000083684
-0.066927426
-0.021423033
0.041282341
-0.002541053
0.037842143
-0.022830386
-0.035809305
-0.007075856
0.022048524
-0.035965677
0.040969595
-0.044097047
0.014542642
0.028303422
-0.018373769
0.001915563
-0.041282341
-0.030805383
-0.007701346
-0.002853798
0.017357348
-0.040344104
-0.060672529
-0.024863226
-0.036434792
-0.013057103
-0.000659696
0.019468376
-0.022674013
-0.004906187
0.016419113
0.015637251
0.031587247
-0.031118128
0.023299504
-0.003049264
0.002795158
-0.027052443
0.007740439
0.012353428
-0.008170463
-0.058483314
-0.00187647
-0.033776458
-0.060359783
-0.02251764
-0.010867889
-0.008092277
-0.035652932
-0.004456616
-0.022830386
-0.018686514
0.067865662
-0.054104887
0.04691175
0.04503528
-0.001886243
-0.022204895
0.021110287
0.035809305
0.017748279
0.003029717
0.01188431
0.044409789
0.060672529
-0.001319393
-0.000776976
0.022674013
-0.015480878
-0.010398771
-0.002677879
-0.019233819
0.047224496
0.000310302
0.036591165
-0.0012803
-0.017200975
0.038936753
-0.003479288
-0.041595083
0.02439411
-0.004182964
-0.050664689
0.002326041
-0.005160293
-0.049726453
0.041595083
-0.039718617
-0.043471556
0.046599008
-0.015480878
0.032838225
-0.006684924
-0.008326836
0.067240171
0.001681004
0.018061023
0.023768621
-0.020484798
0.001211887
0.029085284
0.013682595
0.015402691
0.013604408
-0.044722535
-0.032994598
0.049413711
-0.074433312
-0.018061023
-0.014229897
0.002404227
-0.047224496
-0.043471556
0.033463713
-0.046286263
-0.038467638
-0.093198016
0.058483314
-0.0125098
-0.001417126
0.001114154
-0.022986759
-0.026583327
0.050977435
0.011571566
-0.003792033
-0.033307344
0.009851468
-0.028928913
0.025175972
0.024550483
0.003557474
-0.022674013
-0.022048524
-0.038467638
-0.00494528
-0.073495075
-0.019312004
-0.003146996
0.010086026
0.012353428
-0.031587247
-0.02939803
-0.076309778
-0.000908915
0.073807821
-0.000300528
0.032681853
0.024237737
-0.000437354
0.093198016
0.021735778
0.005277572
0.047849987
0.00562941
-0.015480878
0.028303422
-0.016184554
-0.047849987
-0.03878038
-0.06942939
0.002756065
0.001040854
0.022361267
-0.012744359
0.010633331
0.014699015
-0.049413711
-0.032994598
0.004124325
-0.025019599
-0.003010171
-0.016731856
-0.039562244
0.000044591
-0.034401949
-0.041907828
0.024081366
0.007427693
-0.021579405
0.067552917
-0.003381555
-0.000899142
0.016653672
0.015324506
0.00426115
0.014229897
-0.009421443
-0.04503528
-0.000737883
0.013291663
-0.014308084
-0.011571566
-0.013448035
0.000160037
-0.011102447
-0.070054881
0.038154889
-0.029554402
-0.051602922
-0.026426954
0.025175972
0.041282341
-0.009147791
-0.016340926
0.020172052
0.010320585
0.012431613
-0.009812375
-0.031899989
-0.029710773
-0.013917153
0.020328425
0.026114207
-0.027052443
-0.03252548
0.092572525
0.03252548
-0.03690391
-0.022204895
0.105082318
0.066301942
0.014542642
-0.002042616
0.009108698
-0.020172052
-0.040969595
0.061298024
0.014777201
0.020797541
0.019624749
0.025175972
0.012353428
0.009304164
0.013838966
-0.006293993
0.003850673
-0.026583327
-0.017904652
0.025801461
-0.01438627
-0.025645088
0.032681853
0.013448035
0.025957834
-0.023299504
-0.021266662
0.043471556
0.001524632
-0.007466787
-0.042220574
0.006176714
-0.04691175
-0.025019599
0.017748279
0.051290177
0.042533323
0.01125882
0.01438627
-0.016184554
-0.015949994
-0.004202511
-0.040344104
-0.01313529
0.012197055
-0.005824876
-0.03987499
-0.011727937
-0.021892151
-0.022830386
0.004085232
0.002404227
-0.059734292
0.029241657
-0.033307344
-0.050664689
0.041907828
-0.022048524
-0.047224496
-0.003948406
-0.025957834
0.011415193
0.016419113
0.017591907
-0.03987499
0.037373029
-0.028147051
0.032056361
-0.031274501
0.061298024
0.001089721
-0.037216656
0.013526222
0.01751372
0.068803899
-0.002218535
0.028616168
0.008444115
0.034401949
0.00008857
-0.026896071
-0.031430874
0.011962497
-0.031118128
-0.001094608
-0.007310414
-0.025019599
0.024237737
0.015559064
0.012744359
0.021423033
-0.023143131
0.023924993
-0.049726453
0.021266662
0.013057103
0.018999258
-0.039562244
0.022204895
0.009812375
-0.003713847
0.030023519
-0.024237737
0.039093126
-0.010398771
-0.011962497
-0.039562244
-0.007584066
-0.008326836
0.053166654
-0.001896017
0.009538722
-0.018295582
-0.031587247
0.010867889
-0.007779532
-0.028459795
-0.019468376
0.000742769
0.008561394
-0.019233819
-0.019702936
0.01125882
0.024237737
-0.032212734
-0.046286263
-0.040969595
-0.028928913
-0.019312004
0.042846065
0.015715437
0.038467638
-0.005863969
-0.02627058
0.012197055
0.005160293
-0.00750588
0.025645088
0.041282341
-0.04503528
0.004300244
-0.000069024
-0.009030512
0.02439411
-0.033150971
-0.018530142
0.020484798
-0.002296721
-0.018764699
0.013291663
-0.037842143
0.016184554
-0.073495075
-0.033932831
0.033463713
-0.017200975
-0.033620086
0.001641911
-0.007818625
-0.007818625
0.002140349
0.005121199
0.001690778
0.037529398
-0.016653672
0.043158811
0.013917153
0.02439411
-0.010946075
-0.029554402
0.003518381
0.001622365
0.004534802
0.035496559
-0.005433945
-0.037373029
0.013526222
-0.035496559
-0.020328425
-0.049100965
0.009734188
0.030805383
0.027834306
-0.008365928
-0.005082106
0.000354281
0.00961691
-0.011337006
0.049726453
-0.003967952
-0.029554402
0.070680372
0.074433312
-0.035183813
-0.05691959
-0.014229897
-0.019468376
-0.050977435
-0.013838966
-0.008092277
0.012978917
0.004397977
0.000285868
-0.011649752
-0.008952326
-0.074746057
0.002374907
-0.012431613
-0.040969595
0.04878822
-0.024706855
-0.015402691
0.028147051
0.020484798
0.019937495
-0.012040683
0.015402691
-0.019546563
0.02939803
-0.023924993
0.017982839
-0.002032842
-0.020015681
0.008795953
-0.008053184
-0.045973517
-0.013291663
-0.013838966
0.025957834
-0.004339337
-0.052541159
0.067552917
0.079749979
0.076309778
0.009421443
0.005863969
0.041907828
0.045660771
0.014777201
0.008835047
-0.034714695
-0.026739698
-0.080062725
-0.049726453
0.013213477
0.050039198
-0.009147791
-0.006645832
0.016184554
-0.003889766
0.001651685
0.051290177
-0.0125098
0.042533323
0.025175972
0.009186884
0.026896071
0.039562244
0.003303369
-0.020953914
0.012353428
-0.049726453
0.056606844
-0.010086026
0.01524632
-0.040344104
0.059734292
0.041595083
0.036278419
-0.065676451
0.030961756
0.009460536
-0.039562244
0.018686514
-0.036591165
-0.000376271
-0.006333086
-0.022986759
0.036122046
0.052541159
0.050039198
0.036591165
0.095699973
-0.029554402
0.026739698
-0.021110287
-0.057232335
0.01587181
0.011415193
0.01376078
-0.02877254
-0.005316665
0.027990678
0.009656002
-0.005942155
-0.022048524
0.039562244
-0.041907828
0.005668503
0.034401949
-0.002892891
0.015637251
-0.026739698
-0.006176714
-0.036278419
0.010946075
-0.023143131
-0.017904652
0.037060283
0.030023519
0.01376078
-0.019468376
0.012666172
0.016653672
0.067552917
0.061610766
0.033776458
0.045660771
-0.066927426
0.00762316
-0.000747656
-0.021266662
0.060359783
-0.049100965
-0.028147051
-0.010789703
0.069742136
-0.03174362
0.007310414
-0.022204895
0.00500392
0.040344104
-0.003166543
0.047537241
0.023143131
-0.0125098
-0.003655207
-0.000054058
-0.028928913
-0.109460756
0.021110287
-0.011571566
-0.012822544
-0.04878822
0.033307344
0.017904652
-0.007427693
0.010320585
-0.028616168
0.002697426
-0.00961691
0.045973517
-0.035809305
-0.043471556
-0.017591907
-0.007193135
-0.024237737
0.016184554
-0.018451955
-0.058483314
-0.016888229
-0.007193135
0.015011759
0.007662253
0.008483208
-0.000240667
0.005355758
-0.034714695
0.054104887
0.001593045
-0.011102447
-0.027365189
-0.006333086
-0.000349395
-0.010789703
0.038936753
0.045973517
-0.033150971
-0.041595083
0.066301942
-0.009108698
-0.000223564
-0.023299504
0.081939191
0.052228414
0.026583327
0.005082106
0.009577815
-0.036747538
-0.028616168
0.045348026
-0.003166543
-0.001368259
-0.04878822
-0.02627058
-0.061923511
-0.035340186
-0.023455875
0.042533323
0.005824876
0.024237737
0.014542642
0.057232335
0.013526222
-0.00750588
-0.03174362
-0.038936753
0.056606844
0.002355361
-0.032056361
0.056606844
-0.012275241
0.038311262
0.023455875
0.03690391
-0.015402691
-0.009656002
0.067865662
0.008209556
0.011649752
-0.061923511
-0.041282341
-0.019624749
0.015559064
-0.03252548
-0.029710773
-0.007075856
-0.003557474
0.019312004
0.057232335
0.000801409
-0.01376078
0.008170463
0.038311262
-0.034871068
0.021266662
0.00312745
-0.006489458
-0.025175972
0.034714695
-0.050977435
0.027365189
0.015324506
-0.059108805
-0.019702936
-0.031899989
0.02877254
0.016106367
-0.012040683
-0.02064117
-0.046286263
-0.039405871
-0.005355758
0.03252548
0.056294102
0.029241657
-0.008522301
-0.021579405
-0.021579405
0.023612248
0.070054881
0.002853798
-0.029867146
0.022830386
0.035809305
-0.04503528
-0.047224496
-0.013369849
0.015793623
-0.015324506
0.065989196
-0.008561394
0.012118869
-0.00562941
0.013682595
0.03252548
0.030336265
-0.03878038
-0.024081366
0.004143871
0.02627058
-0.045973517
0.010789703
0.028459795
0.038311262
-0.028459795
-0.01939019
-0.038154889
-0.043471556
-0.008405021
0.055668611
-0.010007841
0.009343257
-0.001729871
-0.043158811
0.042533323
0.051290177
0.013369849
0.053166654
0.009656002
0.039562244
-0.004397977
0.000185692
0.012431613
0.008365928
-0.037842143
-0.023924993
-0.007974997
-0.039405871
0.021266662
0.001407353
0.006372179
0.024550483
0.005903062
-0.00813137
-0.025801461
0.009265071
-0.021892151
0.020172052
-0.011180634
0.011649752
-0.011727937
0.018451955
0.005981248
0.023143131
-0.00184715
0.018921072
-0.02439411
-0.051290177
-0.017435534
0.008365928
-0.030961756
-0.055355866
-0.008561394
0.056606844
-0.027834306
0.055981357
0.021579405
-0.03174362
0.030179892
-0.023612248
0.01524632
-0.067552917
0.023924993
-0.027208816
-0.008092277
-0.03174362
-0.002619239
0.005981248
-0.00381158
0.098827422
-0.027052443
-0.025957834
0.015793623
-0.051915668
-0.00813137
