voyage-4:f860d568656b9097cd9f03a8f24ada7d8496dbfde2bfc475483e0606a5bd4292
-0.009844589
-0.060268093
-0.024371359
-0.024371359
-0.015187079
0.037697572
-0.000825385
0.030734327
-0.03145466
-0.005552588
-0.035296451
-0.023170799
-0.034576114
0.000320775
-0.033615671
0.015187079
0.011945567
-0.040578913
0.015307134
-0.011825512
0.049943276
-0.03985858
-0.0523444
-0.045861378
0.00918428
-0.010144728
0.009724532
0.001560727
-0.027612871
0.021249905
0.019569121
0.003121455
-0.037697572
-0.012485819
-0.011765485
0.042980034
-0.072994024
-0.018248506
-0.037457459
0.004442071
0.050183393
-0.018248506
0.021490017
0.016207555
-0.033135444
-0.054745518
-0.007023274
0.024611473
-0.029413709
0.024251303
0.000997965
0.054265294
-0.044900928
0.010204757
-0.049463056
-0.023290856
-0.007203357
-0.01398652
-0.04129925
0.00549256
0.035296451
-0.002266056
0.000847895
0.021850185
0.02197024
-0.003226504
0.006032812
-0.026892535
0.045861378
-0.025211751
0.01188554
0.009664505
0.007923693
0.007353427
0.029773878
0.021490017
-0.01218568
0.008043749
-0.004802238
-0.055705968
0.002581203
0.002191021
0.044660818
0.022450464
-0.033375558
0.036737122
-0.00654305
-0.060508206
-0.05258451
-0.023530969
-0.035056338
0.036737122
0.019088898
0.018008394
0.016687779
-0.001965916
-0.030254103
-0.015487218
-0.048262496
-0.019088898
-0.0130861
0.0130861
-0.021850185
0.017648226
-0.011645428
0.000465217
-0.020169402
0.022810634
-0.015607275
-0.046821825
-0.030974437
-0.021610074
0.034336004
-0.00137314
0.058107086
-0.002055958
-0.018608674
-0.070592903
-0.003991861
0.051864173
-0.000173518
0.001433168
-0.003001399
0.007983722
-0.046341598
-0.036737122
-0.017888339
0.051143836
-0.078276485
-0.029893933
0.011945567
0.043700371
-0.017288057
0.006272924
-0.044660818
-0.00894417
0.024011193
0.038177796
0.00918428
0.024131248
0.013266183
-0.021610074
0.012966043
0.009964645
0.003841791
0.066751115
0.009064225
0.037457459
-0.012966043
-0.006903218
0.049703166
-0.025451863
-0.022690576
-0.033615671
0.036977235
-0.017888339
-0.048502605
0.01218568
-0.046581712
0.056186188
-0.039618466
-0.036977235
0.049463056
0.007683582
0.029533768
0.02701259
0.044180591
-0.06290932
-0.04249981
0.023050744
0.030734327
-0.004051889
-0.078756712
0.022930689
0.015847387
-0.021009794
-0.001320616
0.013326211
0.042259697
-0.034095895
-0.068191789
0.020169402
-0.004051889
0.013446268
0.006513035
0.061468653
0.03145466
-0.035776678
0.023050744
-0.044900928
0.007983722
0.008523974
-0.011165204
-0.018008394
0.023290856
-0.037457459
0.003481623
-0.004652169
-0.017168002
-0.003871805
-0.058107086
0.056426302
-0.001365637
0.067711562
0.025691977
-0.030374158
-0.012365764
-0.022810634
0.053304844
0.002821315
-0.037697572
-0.027732925
-0.01692789
-0.023771079
0.029533768
-0.029893933
-0.05258451
-0.079717159
0.002851329
0.001590741
-0.021249905
-0.024611473
-0.023771079
-0.017047947
-0.016687779
0.004562126
-0.060508206
-0.064349994
0.018368561
0.050903726
-0.030734327
-0.016447665
-0.010324812
0.065790661
0.01098512
0.072033577
-0.008163805
-0.033855781
0.004322014
-0.010444868
-0.006212896
0.010745008
-0.089801855
0.008704057
-0.006813176
-0.011165204
0.001005469
-0.003316546
-0.013926492
-0.043700371
0.042259697
0.033135444
0.058347195
0.023891134
-0.017888339
0.020529568
0.034576114
0.078276485
0.004922295
0.012845988
-0.035536565
-0.020889737
0.008884141
0.096524991
-0.016807836
-0.003421595
-0.005852728
-0.02677248
0.033375558
-0.061948873
0.032174997
-0.013266183
-0.036497012
-0.024371359
0.016087499
0.002671245
-0.007683582
0.011645428
0.014766884
-0.004412056
0.027852984
0.026652422
-0.023050744
-0.050183393
0.003826784
-0.00519242
-0.009784561
-0.015127052
0.00714333
0.011645428
0.030734327
-0.006453008
-0.019088898
0.028213151
0.012605876
-0.058587309
-0.060027979
0.014106575
-0.024491416
-0.012065624
0.036016788
-0.048742719
-0.049943276
0.000784116
0.004231973
0.054025181
0.036497012
-0.022810634
0.033135444
0.011045148
0.038898129
0.053785071
-0.021009794
0.004832252
-0.044180591
0.047782268
-0.016687779
0.042019587
0.005972784
-0.057146639
0.015847387
-0.002386112
0.02677248
-0.032174997
0.012065624
0.020649625
-0.050663617
-0.015006995
0.044660818
-0.021129848
-0.057866972
0.029653823
0.017888339
-0.017648226
0.018248506
0.004111916
-0.043940481
0.048022386
-0.034816228
-0.006182882
-0.003841791
0.02701259
0.036256898
-0.026052142
0.043700371
-0.020649625
-0.006182882
-0.014766884
-0.015487218
-0.050183393
0.039378356
0.035296451
-0.028813429
0.002656238
0.060027979
-0.000290761
0.020889737
-0.014646827
0.038898129
0.031694774
0.016087499
0.061948873
-0.024851583
-0.024971638
0.005522574
0.023290856
-0.023891134
0.031694774
0.012005596
-0.034095895
-0.036016788
0.014826912
0.013866463
0.045141041
0.056666411
-0.051864173
-0.012125651
-0.01572733
0.020529568
0.005402518
0.047302049
-0.035536565
-0.013566324
-0.008523974
-0.055465851
-0.024611473
-0.013506295
-0.000634046
-0.009544449
-0.008764084
0.002941371
-0.032174997
-0.017888339
-0.001042986
-0.03985858
0.017528169
0.015247107
0.072513796
-0.020889737
-0.053304844
0.007563526
-0.0624291
-0.015967444
0.020529568
0.032415111
-0.03289533
0.02136996
0.016567722
-0.004442071
-0.03289533
0.026412312
-0.025091697
0.004622154
0.018128449
0.033375558
0.007803638
0.01992929
0.019449065
0.001005469
-0.014346687
-0.029653823
0.013566324
0.015607275
0.003871805
0.017168002
0.00759354
-0.040338803
-0.045621268
0.040578913
0.044180591
-0.035056338
0.00564263
-0.004201959
0.027492816
0.035296451
-0.002866336
0.018488618
0.036256898
-0.015307134
0.025451863
-0.002971385
-0.026652422
0.021610074
-0.038898129
-0.022450464
0.027973039
0.003436602
-0.043700371
0.038177796
0.052104283
-0.003451609
0.046101488
0.002356098
0.047542159
-0.017888339
-0.010084701
-0.01992929
-0.024131248
-0.010925093
-0.009244309
-0.03121455
0.066751115
-0.002371105
-0.001440672
0.049943276
0.016447665
-0.026532367
-0.029293654
0.035296451
-0.005282462
0.022930689
-0.012005596
-0.009964645
0.010504897
0.008103778
0.002130993
0.050663617
-0.004472085
-0.051383954
-0.085960068
0.011525372
0.035056338
-0.020649625
-0.025932087
-0.015127052
-0.00504235
-0.010024672
0.033615671
-0.004382042
-0.007203357
-0.043940481
0.007083301
-0.010745008
-0.009544449
-0.006302938
0.031934887
-0.000679067
0.059067536
0.029893933
-0.030614268
0.037697572
-0.011105176
-0.023530969
-0.018968841
0.001920895
-0.001860867
0.025571918
-0.007983722
-0.040338803
0.031934887
-0.06290932
-0.039378356
0.068672009
0.040098689
-0.036497012
-0.034336004
-0.006573064
-0.022690576
0.055465851
0.00519242
-0.007443469
0.029653823
-0.00152321
-0.041779473
-0.007233371
0.028573319
-0.01692789
0.002656238
-0.029053543
-0.001508203
-0.028813429
0.017888339
0.004712197
-0.016447665
-0.012665904
0.007203357
0.015006995
0.038658019
-0.015307134
0.017648226
0.011525372
0.003721735
0.020529568
0.080197379
0.006182882
-0.011465345
0.050663617
0.027732925
-0.048262496
-0.035296451
-0.027132647
-0.033375558
-0.006723134
-0.028813429
0.034095895
0.066751115
-0.00639298
-0.010384841
0.056906529
-0.055465851
0.061228536
-0.013206156
0.019689178
0.016207555
0.025091697
-0.033375558
0.026412312
0.022570521
-0.044180591
-0.004772224
-0.044660818
-0.045141041
-0.011225232
0.028573319
-0.053785071
-0.027492816
0.045621268
-0.042019587
-0.030614268
0.002416126
-0.023530969
0.015187079
-0.010084701
-0.007743609
-0.087880962
-0.052104283
0.01632761
-0.01992929
-0.079236932
-0.037937682
0.005012336
0.02677248
-0.025091697
-0.016807836
0.027492816
-0.0115854
-0.010925093
-0.005822714
0.030254103
-0.019088898
0.004712197
-0.051383954
0.020889737
0.018008394
0.004982322
0.01098512
0.023050744
0.007083301
0.035776678
-0.027252702
-0.001508203
-0.051383954
0.008103778
0.000062842
0.040098689
-0.003436602
-0.01932901
-0.022810634
-0.094604097
-0.003256518
-0.067231342
-0.023891134
0.020289456
0.006903218
-0.044660818
0.012125651
0.009004197
-0.003421595
-0.012785959
0.020889737
-0.045381151
0.012545848
-0.050183393
0.014106575
-0.015187079
0.023891134
-0.042259697
-0.024971638
-0.007803638
0.007023274
0.023651024
0.039138243
-0.036977235
-0.002971385
-0.024611473
-0.013806435
-0.038417906
-0.019449065
-0.017768282
-0.012785959
0.046821825
-0.028573319
0.021850185
-0.016087499
0.01188554
0.021009794
0.037217349
-0.054745518
-0.030134046
0.002551189
0.007983722
-0.043220147
0.001163042
-0.084519394
0.026292255
-0.063869774
-0.012065624
-0.013806435
-0.063389547
-0.017648226
0.041539364
-0.026412312
-0.005762686
-0.0115854
-0.017288057
-0.048262496
-0.010925093
0.027372759
-0.017768282
-0.009304337
-0.008824113
-0.008103778
-0.022570521
0.024611473
-0.007413456
-0.009964645
-0.008764084
0.009964645
0.109971263
-0.019569121
0.050663617
-0.002206028
0.029773878
-0.061948873
-0.009364365
-0.072513796
0.043940481
-0.019449065
-0.0624291
0.01572733
0.058587309
-0.006483022
-0.014166603
0.025812032
0.043220147
-0.03265522
0.027492816
0.007743609
-0.025211751
0.004712197
-0.024491416
-0.008043749
-0.00229607
-0.00137314
-0.02197024
0.018488618
0.007083301
-0.000889165
0.007503497
0.037697572
-0.028813429
0.064349994
-0.028693374
-0.018368561
0.000528997
0.010745008
-0.040578913
-0.016447665
-0.033375558
-0.006302938
-0.037937682
-0.002055958
0.026292255
-0.004412056
-0.001305609
0.07107313
-0.018728729
-0.002115986
0.010624953
-0.026052142
0.003931832
0.001680783
-0.022090295
0.047302049
-0.025691977
0.027852984
-0.051143836
0.03289533
0.030374158
0.074914917
0.057866972
-0.021730129
0.038898129
0.008223833
0.002926364
0.003301539
-0.028333206
0.045381151
-0.011225232
-0.024371359
0.025211751
-0.005852728
-0.020769682
0.022570521
0.020169402
-0.044180591
0.001965916
0.010084701
0.049463056
0.019449065
-0.011525372
0.015067023
0.00918428
-0.00654305
-0.000727839
0.067711562
-0.006062826
0.049943276
-0.018128449
-0.016807836
-0.014586799
-0.026412312
-0.022570521
-0.012125651
-0.024131248
-0.040578913
-0.022810634
0.029413709
-0.019208953
0.011345288
0.013806435
-0.051383954
-0.005822714
-0.041779473
0.030494213
-0.014826912
0.049943276
-0.015307134
-0.01572733
0.065790661
-0.004922295
0.046581712
0.017047947
0.012245708
0.008343889
0.029533768
-0.042980034
-0.016687779
-0.038658019
0.023651024
0.020769682
-0.028813429
0.026412312
0.018608674
0.00654305
0.049943276
-0.074434698
0.035776678
0.011345288
-0.004442071
-0.053785071
0.002641231
-0.00534249
0.013266183
0.001155539
0.039618466
0.034095895
-0.07107313
0.008764084
0.037697572
-0.030734327
0.01068498
0.021249905
0.056426302
0.007263386
0.039138243
0.046581712
0.057386748
0.014886939
-0.036737122
-0.014826912
-0.00075035
0.022570521
-0.003541651
0.01098512
0.000967951
-0.041779473
0.008644029
0.028813429
-0.060988426
-0.003751749
0.04249981
-0.005252448
0.015247107
-0.078276485
-0.018008394
0.006032812
-0.03985858
0.028093094
0.00008629
-0.011765485
0.009964645
0.017528169
-0.035056338
-0.037697572
0.029053543
0.03985858
-0.036016788
0.0261722
-0.013926492
0.013266183
0.017288057
-0.001830853
-0.003391581
-0.03289533
0.065790661
-0.025691977
0.010925093
0.03289533
-0.055946078
0.018248506
0.026892535
0.065310441
-0.051624063
-0.022450464
0.037697572
-0.011165204
0.027973039
-0.028813429
0.064830221
-0.015187079
0.008163805
-0.029773878
-0.042019587
0.015487218
0.013686379
-0.021610074
-0.017408114
-0.027492816
-0.030974437
-0.001283098
0.029413709
-0.020289456
-0.000802874
0.030254103
0.001718301
-0.024251303
-0.028093094
-0.023530969
0.003571665
0.040098689
0.009064225
0.007923693
0.016687779
-0.020529568
0.003871805
-0.017168002
-0.020529568
-0.009544449
0.037697572
0.03121455
0.011225232
-0.006062826
-0.014586799
-0.006152868
-0.038417906
-0.043700371
0.018248506
0.020769682
0.003436602
-0.013806435
0.001530714
0.024371359
-0.025451863
0.022330409
0.012425791
0.022570521
-0.063389547
0.049703166
0.0523444
0.01992929
-0.008644029
-0.008283861
0.014226632
0.008584001
-0.013506295
-0.007803638
-0.021249905
0.027612871
-0.003586672
0.015967444
0.045141041
0.014526771
0.035056338
-0.015127052
-0.01692789
-0.051864173
0.038658019
0.001358133
-0.069632456
0.007083301
-0.012245708
0.02677248
-0.000911675
-0.007923693
-0.003421595
0.01692789
-0.007083301
0.055705968
0.015967444
-0.007293399
-0.000444582
0.021850185
-0.035536565
-0.065310441
-0.020889737
-0.001485692
-0.000960448
-0.029053543
0.029653823
-0.04249981
0.029533768
-0.006422994
0.041539364
-0.003271525
0.006513035
-0.010504897
-0.060748316
0.023050744
-0.015607275
0.001890881
0.035296451
0.000328278
-0.027492816
0.010324812
-0.020049345
-0.031934887
0.03265522
-0.008704057
-0.004201959
0.043460257
0.044180591
0.047061939
-0.000004016
0.021249905
0.010144728
0.014346687
-0.063389547
0.0523444
-0.013146128
-0.084999621
0.028813429
-0.034336004
-0.03001399
-0.002836322
0.030134046
0.007023274
0.030254103
0.033135444
0.022210352
0.033855781
0.023530969
-0.011525372
0.03121455
