voyage-4:92852ec8a46633f6976a5e699004cedc8777fee4b4eebd54a1042353fee3232c
0.041342895
-0.001094371
-0.027359268
-0.022009011
-0.015138795
-0.00559345
0.031858347
0.027359268
-0.022981783
-0.022130609
-0.034533475
-0.023954559
-0.01678035
-0.033317506
0.002705527
0.035749443
0.039397344
-0.011247699
0.019941866
0.030763976
-0.008146982
-0.029912798
-0.029791201
-0.063230306
-0.012220472
-0.040126923
0.006383829
0.052286599
-0.060555179
0.015807576
0.018482706
0.043045245
-0.049854666
0.022860186
-0.018969093
0.019820269
-0.002279939
0.058366437
-0.044504408
-0.01714514
0.025413718
0.016293963
0.021522623
0.003982293
0.007538998
-0.057636857
0.003875896
0.006505426
-0.026872879
0.036235828
-0.029426413
0.052043404
-0.044261217
-0.021157833
-0.001413562
-0.020549851
-0.011673287
0.015929174
-0.022130609
0.054232147
0.011794885
-0.016172368
-0.003115917
0.019820269
0.007052612
0.020671448
0.008633369
-0.029061621
0.038910959
-0.020793043
0.023711367
0.007235006
-0.03404709
0.031615153
0.029061621
-0.008390175
0.024562541
-0.036965411
-0.039640538
-0.016172368
-0.0074478
-0.015807576
0.018847495
-0.014774005
0.012159674
0.053259376
0.004772672
0.058123242
0.013922827
0.034776669
-0.010882908
-0.014287617
0.008025385
-0.017874721
0.02091464
-0.000393289
-0.036479022
0.003009519
-0.025292125
-0.00820778
-0.015503585
0.015503585
-0.011308497
0.022860186
0.004316684
0.054718535
-0.035506248
0.00595824
-0.031371959
-0.012585264
0.00261433
-0.022130609
0.014713206
-0.01197728
0.051557019
-0.037694991
-0.038181379
-0.025900105
-0.024562541
0.021887414
-0.022738591
-0.032344736
-0.036722217
0.036965411
0.007964587
-0.016415561
0.021401027
0.026508091
-0.01416602
0.025413718
0.036965411
0.035019863
0.01307165
0.029912798
0.019820269
0.053988952
0.017509932
-0.006171035
-0.008511772
0.03404709
0.024440944
0.012342069
0.020793043
0.011794885
0.022130609
-0.0037391
-0.001747953
0.04255886
-0.026994476
-0.022009011
0.021522623
-0.009058957
0.029912798
-0.051070631
-0.008268578
-0.007326204
-0.021401027
-0.02577851
-0.043774828
0.063716695
-0.054961726
-0.019941866
0.02833204
-0.017874721
0.056420892
0.020306656
0.070039727
-0.005502253
-0.050827436
0.043531634
-0.024197752
0.007143809
-0.000721981
0.069066949
0.053259376
0.024927333
-0.017631529
0.023103381
0.005502253
-0.039883733
-0.01714514
-0.012889255
-0.020671448
0.018725898
-0.031858347
0.006839817
0.005715047
-0.003830297
-0.016172368
0.024927333
-0.020428253
-0.008390175
-0.042072475
-0.030277589
0.037694991
-0.039883733
-0.006961414
-0.025656912
-0.082199402
0.013922827
-0.077335529
-0.003131116
-0.008146982
-0.029061621
0.001276766
-0.015138795
0.019333882
-0.004347084
-0.016415561
0.006809418
-0.000885376
0.002097544
-0.020185059
0.012098876
-0.024684139
-0.019941866
-0.01678035
-0.072471656
0.046449956
-0.022616994
-0.010335724
0.032101542
-0.030277589
-0.003070318
-0.038424574
-0.017631529
-0.059825595
-0.045477182
0.028696831
-0.00486387
-0.03404709
-0.021765817
-0.024684139
0.054961726
0.063716695
0.018117914
0.064203084
0.01155169
-0.018239511
0.020793043
-0.015685979
0.021401027
-0.039883733
0.036722217
0.019455479
-0.057150468
0.008268578
0.018604301
-0.029426413
-0.057393663
0.028088849
-0.001291965
0.018361108
0.037208602
-0.006779018
-0.01678035
0.005684648
0.025413718
0.062257536
-0.005775845
-0.015381988
0.007538998
-0.039640538
0.009241353
-0.05520492
-0.028575234
0.08414495
0.029912798
0.058609631
-0.040126923
-0.008937361
0.028088849
0.006049438
0.027116073
0.033317506
0.025292125
-0.024684139
-0.001831551
-0.017388334
-0.002097544
0.056177698
0.037938185
-0.007326204
-0.039883733
0.060311984
0.030155992
0.000071723
0.048395503
0.029061621
0.00261433
-0.009423748
-0.063230306
-0.040370118
-0.009849336
0.033074312
-0.024076154
-0.03915415
0.006171035
-0.039883733
-0.015017197
0.046206761
-0.045720372
-0.017388334
0.023832962
-0.039640538
-0.004438281
0.016172368
0.01155169
0.044261217
0.056420892
-0.005806244
0.035992637
-0.020185059
0.000124447
0.010092529
0.044261217
-0.03429028
0.015077996
-0.001778352
-0.017266737
0.029426413
0.000866377
-0.019577075
-0.03404709
-0.003039919
0.026386494
-0.014348416
-0.048881888
0.028818429
-0.000980374
-0.010396522
-0.012220472
-0.008450974
-0.011734086
0.014956399
-0.02127943
-0.027967252
-0.01197728
-0.021887414
0.007174208
-0.030399187
-0.018239511
-0.050341055
-0.012463666
0.023224978
0.00635343
0.017266737
-0.033803895
0.040370118
-0.050341055
0.030642379
0.031128768
-0.057636857
0.024319349
0.031858347
-0.047665924
0.03404709
-0.006262233
0.032344736
-0.000185245
0.009484546
0.040370118
-0.035019863
0.009362949
-0.013254046
0.032344736
0.014591609
-0.014470012
-0.018482706
0.002386336
-0.009545345
0.00036099
0.019941866
0.017753124
-0.004316684
-0.041586086
0.053988952
-0.016172368
0.006687821
0.006961414
-0.018482706
0.02091464
0.017266737
-0.033074312
-0.036479022
-0.034776669
-0.003100717
0.029426413
0.00820778
0.015442787
0.023954559
-0.079281077
-0.01045732
0.019941866
-0.065662242
0.000980374
0.010031731
0.012828456
0.047179539
0.020428253
0.00820778
0.002447134
0.025535315
-0.018725898
-0.014834804
0.030399187
-0.017266737
0.015442787
-0.000150096
0.017509932
-0.00930215
-0.014713206
-0.031128768
0.017996319
0.017753124
0.003784699
-0.008876562
-0.019941866
0.036722217
0.007751793
-0.033074312
0.053259376
0.025656912
0.012098876
-0.035992637
0.019212287
-0.039640538
0.008268578
0.089008816
0.055691309
-0.036235828
0.025292125
-0.005441454
-0.001466761
0.030034395
-0.013740432
0.01082211
0.00522866
-0.001421162
-0.012159674
0.012402868
-0.007204607
0.028088849
0.022981783
-0.057150468
0.026508091
-0.000231794
-0.022495398
0.003267912
0.008390175
0.034533475
0.005350257
-0.014105223
0.045477182
-0.027359268
0.052772988
-0.020428253
-0.010518119
-0.005563051
0.009849336
0.010396522
0.050341055
-0.01678035
-0.014470012
0.03915415
-0.001899949
-0.039883733
-0.00857257
0.058852825
-0.012281271
0.026629688
-0.054961726
-0.031615153
0.022252204
-0.015503585
0.045720372
0.044504408
-0.048395503
-0.011734086
-0.001307165
0.001253966
-0.032587927
0.037451796
-0.010943707
0.019698672
-0.036722217
0.010639715
0.014044425
-0.071498886
-0.00972774
-0.032101542
-0.02504893
-0.031371959
-0.035019863
-0.017874721
0.016293963
0.026264897
0.02760246
-0.0037391
-0.036235828
-0.00972774
-0.006748619
-0.038910959
0.021887414
-0.042802054
-0.019698672
0.02833204
0.069066949
-0.04669315
0.009423748
-0.063230306
0.002781525
0.026386494
-0.020306656
-0.057636857
-0.077335529
0.012159674
-0.024319349
-0.010639715
-0.016415561
-0.0148956
0.040613312
-0.026872879
-0.082685791
0.018117914
-0.023103381
-0.029304815
0.003602304
-0.047422733
-0.016901948
0.008268578
0.009423748
-0.026264897
-0.01380123
0.01082211
0.071498886
0.00522866
0.047179539
-0.068094179
-0.014287617
-0.011855683
-0.004255886
0.070039727
0.040856507
-0.006262233
0.007417402
0.018482706
-0.005046265
-0.008937361
-0.064203084
0.015442787
-0.062014341
-0.011186901
-0.065662242
-0.043045245
0.013375643
0.026994476
0.012646062
-0.012281271
-0.046936344
-0.017023545
-0.034776669
-0.008146982
0.005259059
-0.024562541
-0.036235828
0.010882908
-0.018117914
0.040856507
-0.012098876
-0.026872879
-0.00784299
-0.030763976
0.008754966
-0.030763976
-0.01532119
0.019941866
0.032831121
-0.023589769
-0.001428762
-0.002386336
0.028575234
0.017023545
0.038910959
0.002735927
-0.00559345
0.004438281
-0.026751285
-0.045720372
-0.050584249
-0.01045732
0.054718535
-0.014530811
-0.078794688
0.010882908
-0.020549851
0.009058957
0.047909118
-0.031007171
0.016050771
0.024440944
-0.020671448
-0.033803895
0.042315666
-0.038667765
0.0074478
0.032101542
-0.03915415
0.000497787
-0.009666941
0.055448115
0.016415561
0.007295805
0.014834804
0.014956399
0.009666941
-0.054718535
-0.024562541
-0.043774828
-0.02091464
-0.035263058
-0.061041564
-0.008815764
-0.041586086
-0.070526116
-0.041342895
0.005259059
-0.027724057
-0.000645983
0.03915415
-0.023224978
0.008511772
-0.03404709
0.023954559
0.02833204
-0.029912798
-0.022738591
-0.013010851
-0.001557958
0.011126102
0.035263058
-0.001717554
-0.008633369
-0.009484546
0.000699181
-0.041586086
0.031371959
-0.038667765
-0.038667765
-0.002097544
0.083172172
0.004620676
-0.011734086
-0.027116073
-0.005715047
-0.012585264
0.010761311
-0.028210446
0.0037391
0.041342895
0.026508091
-0.044504408
0.004316684
-0.088522434
0.03429028
-0.011673287
0.024805736
0.002796725
-0.036235828
0.002583931
-0.018969093
-0.027116073
0.016901948
-0.015381988
-0.024562541
-0.021401027
-0.03404709
0.002872723
-0.060311984
-0.013740432
-0.066148624
0.03429028
-0.011186901
-0.004438281
-0.031371959
-0.018604301
0.009241353
-0.001147569
0.015685979
-0.008998159
-0.000501587
0.013314844
0.024684139
-0.022009011
0.012098876
-0.04255886
0.02833204
-0.01909069
-0.025292125
-0.008815764
0.041342895
0.024319349
0.035263058
0.010031731
0.039397344
-0.011430093
0.002918322
0.011369295
-0.062743917
-0.018239511
-0.028088849
-0.035749443
-0.005107063
0.052286599
-0.02127943
0.017874721
0.039883733
-0.016050771
0.025292125
0.080253847
-0.022860186
0.071012497
-0.011734086
-0.026751285
-0.009788537
0.044990797
-0.029791201
-0.005198261
-0.003176715
0.007964587
-0.028940024
0.047665924
0.011369295
0.015807576
0.035019863
0.051313825
0.001580758
-0.049854666
-0.023103381
-0.014044425
-0.045720372
-0.04255886
-0.002659929
-0.016537156
-0.026021702
-0.014044425
-0.013375643
0.027116073
0.051313825
0.041586086
0.041099701
-0.038424574
0.026751285
-0.002127943
-0.061771147
0.000305892
0.006535825
0.042315666
-0.010578916
0.009058957
0.012342069
0.049125083
-0.08511772
0.04328844
0.000862577
-0.00671822
-0.012220472
0.004438281
-0.028940024
0.016901948
-0.060311984
-0.019941866
0.001633956
-0.013740432
-0.002325538
-0.027116073
0.050827436
0.03915415
0.078794688
-0.033074312
-0.00259913
0.000177645
0.03429028
-0.015807576
0.046449956
-0.016293963
-0.047909118
-0.011065304
-0.022738591
-0.027724057
0.024076154
-0.035749443
-0.031371959
-0.011916481
0.009666941
0.007721393
0.040370118
0.00820778
-0.016658753
0.022009011
0.035749443
0.014713206
0.014652408
0.004833471
-0.029669607
0.040126923
-0.045963567
-0.066635013
0.017874721
0.035992637
-0.018847495
-0.031615153
0.018239511
-0.048881888
-0.01909069
0.070526116
-0.015929174
0.022373801
0.012220472
-0.011430093
-0.04255886
-0.029912798
0.031858347
0.011916481
-0.002203941
-0.003845497
-0.054232147
-0.077821918
0.007721393
0.06760779
0.019698672
-0.059339214
-0.044261217
0.039397344
-0.015442787
-0.012159674
0.022860186
0.049368277
0.029791201
-0.057393663
0.006779018
0.054961726
0.041099701
0.003450308
0.011490892
-0.028696831
-0.041342895
0.051557019
0.040370118
-0.024076154
-0.015929174
0.035506248
0.017631529
0.004924668
-0.029669607
0.01909069
0.003055118
-0.055691309
0.032587927
0.008937361
-0.014470012
-0.044990797
-0.060311984
-0.044747602
-0.024440944
-0.01714514
0.044990797
-0.027724057
0.002796725
0.010031731
0.029426413
0.037694991
0.007174208
-0.021765817
-0.030885573
0.071012497
-0.02760246
-0.033560701
0.017388334
-0.072471656
0.021887414
0.039397344
0.05009786
-0.075389981
-0.013254046
0.05009786
0.00708301
0.035506248
-0.043774828
-0.012342069
-0.008937361
-0.013862029
-0.010335724
-0.037451796
0.008633369
-0.003055118
0.034776669
-0.000535786
0.025656912
-0.016537156
0.032344736
0.05909602
-0.036722217
0.022616994
0.016172368
-0.002857523
-0.055448115
0.02954801
-0.027967252
0.041099701
0.042802054
-0.02164422
-0.006231833
-0.026143299
0.015381988
0.002568731
-0.020428253
-0.014226818
-0.018482706
0.001291965
0.034776669
0.015199593
0.007630195
0.038424574
-0.025900105
-0.033560701
-0.030885573
-0.030520782
0.064689472
0.019941866
-0.020063462
0.018117914
-0.001831551
-0.056664079
-0.024927333
0.011126102
0.024562541
-0.025413718
0.03429028
0.070039727
0.006900615
0.012585264
0.028696831
0.053745758
-0.007964587
-0.037694991
-0.02954801
-0.040856507
0.055934504
-0.045233987
0.011673287
0.032101542
-0.012828456
0.023954559
0.003708701
0.011430093
-0.012889255
0.019577075
0.01532119
-0.056420892
0.004803072
-0.071985275
-0.02954801
0.06006879
0.018847495
-0.030399187
0.04255886
0.019577075
0.021887414
0.017509932
0.010153328
0.010031731
-0.033560701
-0.044261217
-0.03429028
-0.013375643
-0.070526116
-0.010153328
-0.033803895
-0.000702981
0.011126102
0.045963567
0.005289458
0.002705527
0.015017197
0.008450974
-0.029426413
-0.041342895
0.013679634
-0.031371959
-0.039883733
-0.02164422
0.047422733
-0.012524465
0.019455479
0.004620676
-0.044747602
-0.014956399
0.012038077
-0.021401027
-0.009484546
-0.019212287
0.02504893
-0.057636857
0.017874721
-0.023468172
-0.011126102
0.052286599
0.024562541
-0.016415561
-0.011430093
0.005532652
-0.009910135
-0.024805736
0.021401027
-0.020185059
0.007538998
-0.034533475
0.079281077
-0.047422733
-0.04669315
-0.015807576
-0.017996319
-0.037938185
