voyage-4:263aa98a23076f01fc3184405a412e103694df3ce359e243fbfe9b019d44b4b0
0.024012499
-0.024995469
0.017342361
-0.008881817
0.000719673
0.01165519
-0.010672222
0.008109485
-0.004528673
0.005546747
0.037914474
-0.006880775
-0.053361114
-0.009408407
-0.008460544
0.029067764
0.067122661
0.000506843
0.051395174
0.002264337
0.010461586
-0.065437578
-0.042969737
-0.015867909
-0.030472003
0.005511641
0.015446637
0.015446637
-0.026680557
-0.017061513
0.002615396
0.042688888
-0.057012133
0.005195687
-0.008004166
0.026259283
-0.076952338
0.015867909
-0.03215709
0.008425439
0.017412573
-0.056169588
-0.060663156
0.021906139
-0.030331578
-0.044373978
-0.021484869
-0.031033698
-0.01621897
-0.01628918
0.006389291
0.006810563
-0.030191155
0.01979978
-0.002703161
-0.035667691
-0.016078545
-0.039318711
0.032016665
0.085377775
0.010391374
0.014533882
0.017833846
-0.006038231
0.008109485
0.052237719
0.008776499
0.001263816
0.07919912
0.047463302
0.028084794
0.013270065
0.007372259
-0.024855044
0.01979978
-0.003124434
0.02654013
0.003738788
-0.029348612
-0.017061513
-0.015446637
0.001123392
-0.007196729
-0.006424397
0.014744517
-0.003773894
-0.041284647
0.027242253
-0.031735819
-0.004124954
-0.001518334
-0.003194646
0.006529715
0.025978435
0.035105996
-0.004809521
-0.010812646
-0.016429605
0.007196729
-0.074705556
-0.071335383
0.048305847
-0.000165656
0.035386842
-0.041846342
0.038195323
-0.03285921
-0.025838012
-0.031454969
-0.037914474
0.033982601
0.00709141
0.039318711
-0.00080305
0.049429242
-0.008355226
-0.020361476
-0.028365642
-0.004809521
-0.007653106
-0.007618001
-0.031735819
-0.007056305
0.002685609
-0.044373978
-0.04465482
-0.021765716
0.024012499
-0.03285921
0.004633992
0.036510233
0.056450438
0.022748685
0.032999631
0.01979978
-0.002720715
0.036510233
-0.012778582
-0.047182456
0.039318711
-0.023591228
-0.000596802
0.02260826
0.016148757
0.009197771
0.026399707
-0.024574194
-0.022748685
0.011163705
0.043531433
0.035386842
-0.031033698
0.010531798
-0.042127192
-0.004949945
0.040161256
0.005968019
-0.029348612
-0.017904056
0.03959956
-0.045497369
-0.038195323
-0.003879212
0.001325251
0.036229387
0.041003801
0.056169588
-0.020080628
0.00433559
0.061786547
0.011233918
-0.00228189
0.003001562
0.048867546
-0.012919006
0.018114693
-0.001825512
0.008530756
0.041003801
-0.017974269
-0.043812279
0.009127558
0.010180738
0.011444554
0.005968019
0.031174121
0.037633628
-0.016078545
-0.054484505
0.046901606
-0.000846932
0.011233918
-0.068526901
-0.000838156
0.005511641
-0.023591228
-0.017833846
0.014393457
-0.074143864
0.009970102
-0.053080261
0.000899591
0.006986093
0.031033698
0.00258029
-0.027663523
0.013972186
0.005616959
0.053641956
0.003809
0.012778582
-0.006950987
-0.040161256
0.018535966
0.000886426
-0.036510233
-0.012497734
-0.050552633
0.014955154
0.012848794
-0.015797697
-0.000412495
0.009057347
0.000390554
-0.057292979
-0.022748685
-0.054484505
-0.074143864
0.028506067
0.013410489
-0.000056224
0.008565863
-0.017974269
0.057292979
0.018114693
0.010391374
0.003440387
-0.067684352
0.008565863
0.023872076
0.020782748
0.010882858
-0.045778215
-0.013480702
-0.024855044
-0.014884941
-0.013340279
-0.023169955
-0.027101828
0.01165519
-0.005757383
-0.005160581
0.079760812
-0.000631908
-0.015236001
-0.018816814
0.029067764
0.011725402
0.060663156
0.066560961
0.04662076
-0.055327047
-0.011514766
0.053361114
-0.004230272
-0.011374342
0.045216519
-0.013199854
0.006143549
-0.029067764
0.015727485
0.028084794
-0.008881817
-0.003773894
0.00867118
0.021906139
-0.000148103
0.006073337
-0.033420905
0.020080628
0.063190788
-0.006529715
-0.012567946
-0.003352622
0.025416739
0.021204021
-0.025135892
-0.003299963
0.002913798
-0.01130413
-0.005652065
-0.061505701
-0.00849565
-0.051676024
0.004879733
-0.034123026
-0.064314179
-0.025557164
-0.024012499
0.015306213
0.044373978
-0.045778215
-0.040161256
0.036510233
0.013972186
0.013129641
0.048586693
0.024012499
-0.002150242
0.0205019
0.031314548
0.002176572
0.01165519
0.013901973
0.04465482
0.03356133
-0.015657274
0.03005073
-0.032297514
-0.006564821
0.017904056
-0.027944371
0.020782748
-0.041284647
0.017061513
0.006986093
-0.040722951
-0.050552633
0.012638158
-0.002790926
-0.021906139
0.006459503
-0.006740351
-0.057012133
0.024152923
0.008565863
-0.025697587
-0.00038836
-0.033701755
-0.014042397
-0.001465675
0.035527267
0.000460766
-0.024714621
0.035527267
0.03257836
0.034965567
-0.002115136
-0.042127192
-0.00333507
0.042408042
0.069931135
-0.06038231
0.028084794
0.001246263
-0.054765351
0.029067764
-0.075828947
-0.009127558
-0.016710453
-0.049429242
0.033701755
0.010812646
-0.017904056
-0.03356133
0.04633991
-0.006494609
0.00832012
0.006108443
-0.040442105
0.005160581
0.027382676
0.041003801
0.030752851
0.010531798
-0.010672222
0.031595394
0.014884941
-0.012287097
0.004879733
0.01481473
0.006564821
-0.008706287
-0.032999631
-0.020782748
-0.042688888
-0.006178655
0.004476014
0.000234771
-0.037633628
0.018676389
-0.059820615
0.0205019
0.025978435
-0.027663523
0.011374342
-0.017272148
-0.020782748
0.037914474
0.049990937
0.047463302
-0.013550914
0.008600968
0.035808112
0.024995469
0.016850878
-0.030893274
0.040161256
-0.057012133
0.015867909
-0.021765716
0.038757015
0.016148757
0.03356133
0.015095578
-0.010391374
0.003510599
-0.028365642
0.005722277
0.002194125
-0.060944006
0.019940203
0.011233918
-0.03215709
-0.023872076
-0.007828637
-0.053080261
0.000441019
0.098296776
0.00832012
-0.029067764
0.013901973
-0.018395541
-0.018114693
0.04465482
-0.01025095
0.01095307
0.036510233
0.014182821
0.026259283
0.015446637
-0.015867909
-0.00989989
-0.019378508
-0.021344444
0.001500781
0.062067397
-0.061786547
-0.050833479
0.010882858
-0.017833846
-0.018816814
-0.017131725
0.056450438
0.000811826
0.006283973
-0.007688213
0.017482784
-0.028365642
-0.023591228
-0.017623208
0.053361114
-0.009127558
-0.064314179
0.059820615
-0.005581853
-0.01481473
-0.037633628
0.057012133
-0.032437939
0.030191155
-0.000934697
-0.049710087
0.010180738
0.019097662
0.043812279
-0.001101451
-0.007266941
-0.028786914
-0.048586693
0.030893274
-0.015446637
0.042969737
-0.036229387
0.01657003
-0.04465482
0.006880775
0.010742434
-0.024152923
-0.029208185
0.019518932
-0.024855044
-0.018395541
-0.014253033
0.00258029
0.071054533
0.011795614
0.041565496
-0.011514766
0.007898849
-0.018395541
-0.018395541
-0.03215709
0.017693421
0.009478618
-0.000842544
0.02864649
0.008952028
-0.022046562
0.004809521
-0.020080628
-0.026399707
0.015446637
0.000816214
-0.065437578
-0.004598885
0.011093494
-0.031174121
0.015797697
0.017693421
-0.037914474
0.003563258
-0.036510233
0.005230793
-0.000320342
-0.01979978
-0.01657003
-0.005616959
-0.008039272
-0.021765716
-0.010391374
-0.021063596
-0.000130002
-0.045497369
-0.013972186
0.048867546
-0.021063596
0.009408407
-0.019659355
-0.012497734
0.015867909
-0.01235731
0.03959956
0.078637421
0.01095307
-0.013270065
0.059820615
0.013621126
-0.009408407
-0.028506067
0.029489035
-0.049148388
-0.027382676
-0.004019636
-0.039318711
0.031174121
-0.001421793
0.002457419
0.000060338
-0.035105996
-0.001000521
-0.036510233
-0.045778215
0.023731651
-0.002773374
-0.014533882
0.007302046
0.013550914
0.029067764
0.00849565
-0.043250583
-0.027523099
-0.028084794
-0.037633628
-0.038476169
0.00315954
0.010321162
0.02654013
-0.090433039
0.027663523
-0.043531433
0.008109485
0.021344444
-0.009408407
-0.035808112
-0.042408042
0.025416739
-0.007582895
-0.05392281
0.016008332
-0.012006249
0.050271783
-0.005055263
-0.053641956
-0.008109485
-0.036229387
-0.04633991
0.008636074
0.012287097
0.051395174
-0.020642323
-0.03215709
-0.045497369
0.045216519
-0.013621126
0.037633628
0.054484505
-0.042408042
0.012006249
0.016078545
-0.02611886
-0.028084794
-0.009338195
0.037071932
0.043250583
0.007653106
0.014533882
-0.034544297
-0.019378508
0.047182456
-0.062348243
-0.072458774
-0.012989217
-0.018816814
-0.036791082
-0.007863742
0.003387728
-0.046901606
0.026399707
-0.002334549
-0.035246417
0.039318711
-0.056731284
0.010180738
0.025276316
-0.005862701
-0.03285921
0.012919006
-0.004879733
0.023029532
0.033982601
-0.004247825
-0.010110526
-0.041003801
0.000671402
-0.04662076
-0.024574194
0.001500781
0.022889107
0.029067764
0.024293346
-0.00779353
0.051395174
0.016078545
0.03959956
0.018816814
0.039318711
-0.031735819
-0.002264337
0.096611694
0.041003801
-0.028084794
-0.011936038
-0.042127192
0.018676389
-0.065437578
0.041003801
0.018114693
-0.05195687
-0.044093125
0.035386842
-0.000724061
0.014884941
-0.040161256
-0.009338195
-0.048867546
-0.050833479
0.047744151
-0.039037865
0.038195323
-0.007442471
0.00280848
-0.052799415
0.001886947
-0.048867546
-0.011093494
-0.018816814
-0.019238085
0.002150242
0.010812646
0.040722951
0.015938122
0.048867546
-0.041003801
-0.011023281
-0.013410489
0.044373978
0.017904056
-0.033982601
0.012427522
0.041846342
0.021765716
0.004440908
-0.006564821
0.031314548
-0.010180738
0.011865825
0.035667691
-0.000432243
-0.029769883
0.002036148
-0.020642323
-0.012638158
0.001395463
-0.021906139
-0.013340279
0.038195323
-0.004124954
-0.018535966
0.082569294
-0.07919912
0.049710087
-0.002738267
-0.064314179
-0.034403872
0.015938122
-0.011233918
-0.014182821
-0.001492005
0.020221053
0.015095578
0.054484505
0.010882858
-0.020782748
0.027944371
0.06571842
0.020361476
-0.004212719
0.001632429
0.009127558
0.006003125
-0.049990937
0.01025095
-0.02864649
0.017763633
0.00155344
0.00416006
0.028786914
0.061505701
0.042688888
0.053080261
-0.027242253
0.00849565
-0.029067764
-0.051395174
0.01095307
-0.001878171
0.026680557
-0.017833846
0.036510233
0.036510233
-0.007618001
-0.020923171
0.001737747
0.051395174
-0.052237719
0.029067764
-0.000653849
0.004774415
-0.03356133
-0.035948537
0.007337153
-0.026399707
-0.030612426
-0.052518565
-0.01025095
0.005090369
0.005862701
0.052237719
0.010672222
0.019238085
0.007302046
0.037914474
-0.020923171
0.007828637
0.020221053
-0.010461586
0.029348612
-0.031174121
-0.029489035
-0.008074379
-0.073582165
0.000667014
-0.057292979
-0.006880775
-0.007337153
0.01270837
0.025276316
0.024433773
0.053080261
-0.00293135
0.023450803
-0.011023281
-0.003054222
0.04662076
0.034263451
-0.06571842
-0.073020466
-0.011584978
0.038476169
-0.008881817
-0.011023281
0.019659355
0.019518932
0.00263295
0.022467837
-0.052799415
0.035948537
-0.015165789
0.023450803
-0.015657274
-0.017904056
-0.011444554
-0.011865825
-0.041565496
-0.017201936
0.021765716
-0.057854675
0.002018595
0.059539765
0.006248867
-0.053641956
-0.006775457
0.008039272
-0.016429605
0.026961405
0.044093125
0.036229387
0.016710453
-0.04662076
-0.009338195
0.008952028
0.028786914
0.019238085
-0.005406323
-0.00849565
-0.024012499
0.039037865
0.043250583
-0.033280481
-0.018395541
-0.002132689
0.034825146
0.037352778
-0.012848794
0.051114328
-0.021484869
-0.026680557
0.070773683
-0.005757383
-0.024012499
-0.047744151
-0.006213761
-0.005336111
-0.048305847
0.002387208
0.036791082
-0.009619042
0.027382676
0.004633992
0.021204021
-0.033982601
0.030752851
-0.011093494
0.006635033
0.067122661
-0.028506067
0.002668055
0.03314006
-0.041284647
-0.000658237
0.053641956
0.03959956
-0.045497369
-0.04465482
0.055046197
-0.014323245
0.01095307
-0.06038231
-0.024152923
-0.021344444
-0.015516849
-0.053080261
-0.045778215
-0.004669097
-0.053080261
0.002299443
-0.01165519
0.008355226
-0.029348612
-0.013129641
0.01628918
-0.002966456
0.015516849
0.070211992
-0.009759466
-0.037914474
-0.003019115
-0.015095578
-0.007231834
0.051676024
-0.010040314
-0.000671402
-0.000447601
0.028786914
0.019518932
-0.064595029
-0.016921088
-0.022046562
0.004493567
0.041284647
0.034403872
0.014112609
0.025557164
0.041565496
-0.031735819
-0.03215709
0.007618001
0.043531433
-0.004774415
0.053361114
0.082007602
0.043812279
-0.023872076
-0.001834288
0.016991301
-0.008460544
-0.092679821
0.055888742
0.025416739
-0.014463669
0.004072295
0.005090369
0.021063596
0.025416739
-0.014042397
0.016921088
-0.018676389
-0.006424397
0.004002083
0.045216519
0.007161622
-0.053361114
0.033701755
0.006599927
0.011795614
-0.063752487
-0.021906139
0.014323245
-0.035105996
0.011233918
-0.005511641
-0.031595394
0.013550914
0.015938122
-0.014955154
0.037914474
0.015867909
0.063752487
0.032999631
-0.005055263
-0.006494609
0.002527632
-0.061224852
-0.055046197
0.005441429
-0.043812279
0.007021199
0.020782748
0.031314548
0.017342361
-0.01235731
0.013550914
0.050552633
0.015165789
-0.010812646
-0.037071932
-0.016008332
-0.017552998
-0.013270065
0.075267255
0.006775457
0.028506067
-0.014323245
0.01095307
0.005616959
-0.098858483
0.016148757
0.012006249
-0.047744151
-0.003071774
-0.00709141
0.042408042
0.003405282
0.057854675
0.010180738
-0.014744517
0.012848794
0.032437939
-0.038476169
-0.048586693
0.042688888
-0.03257836
-0.006915881
0.006845669
0.04662076
0.055327047
-0.014604093
0.034403872
0.029489035
-0.027382676
-0.009267983
-0.006670139
-0.03356133
