voyage-4:ae997557110a52606808df2a496a464bc7b50e01ae002b895ca87e885f4666fa
0.020671682
-0.056205362
-0.032696385
-0.023644082
0.023238754
0.047288164
0.015064658
0.034858134
0.029723987
-0.014389112
0.020806791
-0.044856198
-0.004492376
-0.012970467
0.00234752
-0.034317695
0.040532712
-0.015469985
0.023779191
0.009187414
0.010200732
-0.031615514
0.005269253
-0.035398569
-0.056205362
-0.022968536
0.016618412
0.020806791
-0.027697353
-0.001325757
-0.001266647
0.002668404
-0.007836324
-0.042424239
-0.003056842
-0.023779191
-0.049449906
-0.022833427
-0.048098817
0.042424239
0.033371933
-0.031615514
-0.037560314
0.011416714
-0.020131245
-0.015672648
-0.036749657
0.007937656
-0.039451841
0.004627484
-0.001334202
-0.025400499
-0.012430031
-0.01330824
-0.030399533
-0.009795405
0.029723987
0.025400499
-0.003783053
0.032426167
-0.02931866
0.055664927
0.038641185
-0.005573248
0.00986296
-0.022022773
0.003884385
-0.012227369
0.039722059
-0.001553754
0.00776877
-0.003968828
-0.036209222
0.006451456
-0.001427089
0.000055416
-0.022698319
-0.020806791
-0.052422307
-0.02229299
0.028508006
0.017834393
-0.003614167
-0.05485427
-0.005066589
0.034858134
-0.048098817
0.003377726
0.013105577
0.026076043
0.034182586
-0.00911986
-0.00000508
0.03647944
0.008984751
0.013713568
-0.05485427
0.023644082
-0.007971434
-0.026886698
-0.067014083
0.044315763
-0.031480405
0.038911402
-0.011078941
0.04080293
-0.016685966
-0.009322523
-0.005978575
-0.021077011
0.021482337
0.003158174
0.008917197
-0.045666855
0.017834393
-0.06620343
0.003310171
-0.038911402
-0.004492376
0.016550858
0.002769735
-0.076741934
0.010876277
-0.001503088
-0.01121405
-0.025940934
-0.002060413
0.078903683
-0.025130279
-0.020266356
-0.000447549
0.005978575
0.016010422
0.032291058
0.003495947
0.017226402
-0.011484268
0.014794439
-0.004627484
0.047558382
-0.021752555
-0.017564176
0.014321557
-0.003259505
0.023103645
-0.050530776
0.041613583
-0.015942868
0.009660296
-0.003090619
0.042964675
-0.021752555
-0.005235475
-0.002431963
-0.029453769
-0.014726885
0.017091293
-0.029723987
0.018645046
0.047017947
-0.028508006
0.001866194
0.035128351
-0.059177756
0.045937072
0.017023738
0.038100749
-0.003884385
0.013713568
0.033507042
0.009052305
0.005809688
-0.021617446
0.027021809
-0.029994207
0.019455701
-0.004695039
-0.008309206
0.034858134
-0.031345297
0.007599883
0.030534642
0.041613583
-0.018509937
0.042694457
0.043234892
-0.009052305
-0.04620729
-0.047017947
-0.006417679
0.032696385
0.003783053
-0.064582117
-0.045937072
-0.001182204
-0.041613583
-0.019320592
0.001883082
-0.085929349
0.016415747
-0.019185483
0.036749657
0.017969502
0.064311907
0.012362476
-0.032426167
0.047017947
0.033371933
0.034858134
0.013646013
-0.031210188
-0.015064658
-0.018645046
0.033101715
0.015267321
-0.037290093
-0.048909474
-0.079444118
0.024049409
-0.010876277
-0.027292026
-0.038100749
0.006991893
0.006586566
0.008579424
-0.014456666
-0.033371933
-0.091874145
-0.032966603
0.003360837
-0.051341433
-0.037830532
-0.011754487
0.008984751
0.005471916
0.027967572
0.032426167
-0.017158847
0.001950637
-0.011551823
0.036749657
-0.032426167
-0.023373865
-0.028102681
0.004357267
-0.029453769
0.016685966
-0.042694457
-0.016550858
-0.008241651
0.007194556
-0.005235475
-0.003124396
0.041343365
-0.04080293
-0.00553947
0.04620729
0.004255935
0.005235475
0.037830532
-0.032831494
-0.024589846
0.011011386
0.019185483
-0.03647944
0.0209419
0.023644082
0.014186449
0.012700249
-0.02823779
-0.025130279
-0.047288164
0.005640802
-0.042964675
-0.039451841
-0.005809688
-0.030129315
-0.003259505
-0.021482337
-0.023508973
0.011281605
-0.026346263
0.0418838
0.004897702
-0.010943832
-0.007194556
0.010808723
-0.005505693
-0.019725921
-0.041073147
-0.017293956
-0.032426167
-0.018509937
-0.019455701
0.007329665
0.011416714
-0.059718195
-0.006417679
-0.012497585
0.00381683
0.03647944
-0.018780157
0.008444315
0.041343365
0.015132212
-0.038100749
0.103223301
-0.017834393
0.030534642
0.017293956
0.011619377
-0.00702567
0.006687897
0.018780157
0.009390078
0.027021809
0.00160442
0.010741169
0.008140319
-0.045937072
0.031615514
-0.004661262
0.01256514
0.006991893
-0.009525187
0.045937072
-0.012970467
-0.022157881
0.01688863
0.022428099
-0.056745797
0.00344528
0.003377726
-0.069716267
0.01959081
0.035398569
-0.027562244
-0.023238754
-0.022968536
0.000764211
-0.02229299
0.060799066
0.044045545
-0.005640802
0.042964675
0.050260559
-0.005944798
-0.020266356
0.000650212
0.01047095
0.048639257
0.035668787
-0.033912368
-0.010876277
0.014051341
-0.060528848
0.007667438
0.002989287
0.001443978
0.009390078
-0.012294923
0.026076043
-0.017429067
-0.031480405
-0.077822804
0.10538505
0.021617446
-0.011146495
-0.004728816
-0.014929549
-0.005167921
0.039722059
0.048098817
0.027156917
0.009052305
-0.021752555
-0.060528848
-0.006890561
0.019861029
0.000314551
0.004830148
0.013038022
-0.039722059
-0.016753521
-0.023644082
-0.035398569
0.039992273
-0.012497585
0.015942868
-0.039722059
-0.019996136
-0.048909474
0.004391044
0.005032811
-0.024454737
0.071878009
0.023779191
0.045937072
0.069716267
-0.021617446
0.001258203
0.037019875
0.01209226
0.037830532
0.038641185
0.000557325
-0.041073147
-0.053773396
-0.036209222
-0.002499517
0.01047095
0.015672648
-0.034858134
0.039992273
0.014254003
-0.048909474
0.011484268
-0.017834393
0.003377726
-0.006924338
-0.022428099
0.006519011
-0.007937656
-0.033371933
0.003715498
-0.02823779
-0.014118895
-0.013983786
0.057016011
-0.011822041
0.038370967
0.035939004
-0.022022773
-0.027832463
0.039451841
-0.006924338
-0.022022773
0.023644082
-0.009795405
0.045666855
-0.058637321
-0.014389112
0.001773306
-0.024860062
-0.048639257
0.008275429
0.032561276
-0.017834393
-0.004458598
0.018645046
-0.039992273
-0.003867496
-0.051881868
-0.028643114
-0.008038988
0.007059447
-0.001688863
-0.008782088
-0.034858134
-0.013375795
0.044856198
-0.017969502
0.013443349
-0.034587912
0.053773396
0.021347228
0.000086026
-0.042964675
0.050260559
0.018915266
0.033912368
0.017429067
-0.010538505
0.010268287
-0.025265388
0.057016011
0.019320592
0.016956184
-0.016550858
-0.050260559
-0.001199093
0.031480405
0.013916232
0.025130279
0.01330824
-0.063501246
-0.003175062
0.064582117
-0.051611651
-0.014051341
0.020536574
-0.026886698
-0.028372899
0.003850608
-0.013375795
0.028508006
-0.003377726
0.010403396
-0.015605094
0.006181238
-0.034858134
-0.020401465
0.001503088
0.062690593
0.005911021
-0.012430031
0.009795405
-0.028508006
-0.024589846
-0.017699284
-0.033371933
0.00332706
0.022428099
0.005066589
-0.038100749
0.063771471
-0.013916232
-0.021347228
0.04512642
0.011349159
-0.050260559
0.019996136
-0.047017947
-0.001739529
-0.009525187
-0.013510904
-0.05647558
0.007599883
-0.004593707
0.017023738
0.005066589
-0.030399533
-0.027156917
-0.013578459
-0.039451841
-0.000183664
-0.0239143
0.060799066
-0.032426167
-0.031210188
0.015537539
-0.020266356
0.040262491
-0.011349159
0.013038022
-0.017969502
0.034858134
0.023779191
-0.052962743
-0.006248793
0.025130279
-0.069175825
0.008038988
0.009660296
-0.016213084
-0.005336807
-0.014726885
0.034858134
0.020401465
-0.037560314
-0.00332706
-0.023779191
0.024319628
0.006924338
-0.007430997
-0.040262491
0.008714533
-0.008410538
-0.024049409
0.015469985
-0.024049409
0.001452422
0.028643114
0.014861993
-0.05485427
-0.037290093
0.014254003
-0.034317695
-0.027427135
-0.0209419
0.032831494
-0.006519011
0.050530776
0.007903879
-0.05647558
-0.031345297
-0.016010422
0.00567458
-0.042964675
0.000021243
0.026211154
0.043234892
-0.036209222
-0.071878009
-0.013983786
-0.006721674
-0.04350511
0.064852335
0.001207537
0.030264424
-0.030264424
-0.025400499
0.002018191
0.046747729
-0.03093997
0.017834393
0.046747729
-0.020806791
0.021887664
0.001215981
-0.031210188
-0.007160779
-0.03647944
0.017564176
0.073499314
0.031345297
0.019861029
0.012902913
-0.043775328
0.015199766
-0.0418838
-0.022833427
-0.003124396
-0.024184519
-0.04080293
0.014389112
-0.034858134
-0.039722059
-0.005640802
-0.005978575
-0.04080293
0.092955016
-0.03918162
0.066473648
0.023508973
-0.003799942
-0.040532712
0.034858134
0.037830532
0.001697307
0.047288164
0.02256321
0.01330824
-0.067554519
-0.028643114
-0.019050375
-0.008849642
-0.060528848
0.036209222
0.014186449
0.041073147
-0.015740203
0.032291058
0.019320592
0.078903683
0.0209419
0.058367103
-0.028643114
-0.038911402
0.07836324
0.031750623
-0.058907539
-0.039992273
-0.003512835
-0.00086132
-0.051341433
0.048098817
-0.040262491
-0.016753521
-0.005100366
-0.04620729
-0.049720123
-0.007295888
-0.013916232
-0.03364215
-0.079984546
-0.038911402
0.056745797
-0.023103645
0.016010422
-0.004999034
0.015469985
-0.069716267
-0.011551823
0.025265388
-0.003647944
0.034182586
-0.023508973
0.036749657
-0.001486199
0.024184519
-0.017226402
-0.001418645
-0.048098817
-0.005134143
-0.054584052
-0.003580389
0.001908415
-0.040262491
0.041613583
0.092955016
0.06620343
-0.036209222
-0.021347228
0.042964675
0.029453769
-0.006079907
0.028372899
-0.026076043
-0.001553754
-0.029048443
-0.002972399
-0.022968536
0.033236824
0.014591776
-0.017699284
0.010335841
-0.04458598
-0.012227369
0.02229299
-0.049179692
0.069716267
-0.021752555
-0.056745797
0.004391044
0.017834393
0.027967572
-0.006620343
0.014051341
-0.022157881
0.028102681
-0.000962652
0.038100749
-0.033371933
0.015875312
0.063501246
0.00332706
-0.0418838
0.042964675
0.002263076
0.004357267
-0.011889596
-0.039451841
-0.024724953
0.025670717
0.000136165
0.027967572
0.045666855
0.029859098
0.046747729
0.051611651
-0.009187414
0.016280638
-0.01256514
-0.036209222
0.004695039
-0.009727851
0.019861029
-0.0239143
0.020266356
0.046747729
-0.003343949
0.003259505
-0.029183552
0.051611651
-0.05323296
-0.002085746
0.018374829
0.025265388
-0.012024704
-0.005911021
0.028643114
-0.055394705
0.014389112
0.000487659
-0.00763366
-0.014929549
0.021077011
0.032696385
0.00763366
-0.012024704
-0.006552788
0.051341433
0.03093997
0.014997103
0.03647944
-0.002415074
0.054313835
-0.015942868
-0.034182586
-0.010133178
-0.03364215
-0.029183552
-0.014929549
0.066473648
-0.024454737
0.037290093
0.023238754
-0.013105577
0.027427135
-0.018915266
0.050800998
0.029994207
0.001857749
0.018509937
0.037019875
-0.01959081
-0.023373865
-0.011822041
-0.02229299
-0.029453769
-0.027292026
-0.003935051
0.075120628
0.025805825
0.052152086
-0.04620729
0.045396637
0.004965257
0.004424821
-0.023103645
0.00369861
-0.032696385
0.030534642
-0.005843466
0.017293956
0.021482337
-0.052152086
-0.00567458
0.00455993
-0.004627484
-0.038911402
0.005167921
0.008511869
0.035128351
-0.005201698
0.02661648
0.048909474
-0.000126665
-0.079984546
-0.007836324
-0.042424239
0.009052305
0.04458598
0.037019875
0.024995171
-0.037019875
0.029723987
0.057286229
-0.048369039
-0.026211154
0.076201499
0.092955016
0.042964675
-0.03647944
0.040262491
-0.013105577
-0.045666855
0.04350511
-0.027156917
0.033236824
-0.002702181
0.001874638
-0.053503178
-0.04080293
0.025940934
0.0209419
-0.002719069
0.028643114
-0.016415747
0.013038022
-0.002415074
0.019455701
-0.0209419
-0.028778223
0.079984546
-0.013038022
0.009322523
0.058096886
-0.031750623
0.02121212
0.083227165
0.05323296
-0.023508973
-0.037830532
0.02661648
0.004492376
-0.014997103
-0.009592742
-0.000138276
-0.03093997
0.009592742
-0.061339505
-0.017429067
-0.020266356
-0.018780157
0.027156917
0.003293283
0.024860062
-0.011349159
0.006721674
0.068094954
0.000916208
0.001933748
0.064582117
-0.028508006
-0.00986296
0.003563501
-0.057016011
-0.006755452
0.055124488
-0.010943832
-0.05323296
0.001443978
0.017834393
0.009727851
-0.020266356
-0.003968828
0.016145529
0.027697353
-0.016618412
0.004863925
0.055935144
0.014997103
0.006856784
-0.00739722
-0.020131245
0.011349159
0.018509937
-0.009660296
0.004830148
0.070256703
0.049449906
0.016145529
-0.039451841
0.008106542
0.05323296
-0.032020845
0.049179692
0.002212411
0.018645046
-0.027292026
0.003124396
0.058637321
0.029723987
-0.037019875
0.040262491
0.021347228
0.01688863
-0.012497585
0.000282885
0.005438139
-0.038100749
0.028372899
-0.003377726
-0.026481371
-0.053773396
0.014456666
0.009254969
-0.018645046
0.029994207
-0.000797988
-0.045937072
0.057016011
-0.015537539
-0.026886698
0.024724953
0.005978575
0.027562244
0.002178633
0.018374829
0.007228333
0.031750623
-0.056205362
-0.022968536
0.03364215
0.007937656
0.004965257
-0.027967572
0.010538505
0.027967572
0.000671323
0.035128351
0.015605094
0.019861029
0.001266647
0.00234752
-0.01465933
-0.009525187
0.010876277
0.022157881
0.016618412
-0.000962652
-0.024860062
0.02256321
0.031615514
-0.085929349
-0.004458598
0.004863925
-0.011146495
0.025535608
0.00058688
0.049449906
0.00029344
0.033912368
0.016145529
-0.000375772
0.007329665
0.007802547
0.006181238
-0.073499314
0.00665412
-0.006687897
0.006147461
0.016753521
-0.002516406
0.012835358
0.01060606
0.035128351
-0.025535608
-0.04080293
0.022022773
-0.038100749
-0.024454737
