voyage-4:8d152187ff8d0422139c812736d0ee3e9dbfbaa40ea045b500d59e3aeafb05ef
0.010202109
-0.028610261
-0.011144694
-0.037925232
-0.002827758
-0.014970486
0.018629938
0.021624034
-0.017077442
-0.038812369
-0.032824177
-0.044578776
-0.012475404
0.01519227
0.017742798
-0.031715252
0.053450175
-0.011643711
0.066979058
0.000738128
0.00914863
-0.058551233
-0.052119467
-0.045909487
0.051454112
-0.034598455
-0.002314881
0.030162755
-0.022511175
-0.041030221
0.03437667
0.049014479
-0.031937033
-0.01519227
0.010202109
-0.004879269
-0.08072973
-0.00159408
-0.020404218
0.00612681
-0.004602038
0.011033802
0.009259523
-0.012586297
-0.031715252
-0.071858332
-0.039034154
0.040808436
-0.037703443
0.01519227
0.011311033
0.012364511
-0.044135209
0.008815953
-0.042804498
0.002994097
0.071858332
-0.022511175
-0.008372382
0.04391342
0.00568324
0.016633872
0.004380253
0.026614197
0.031271681
0.02195671
0.00471293
-0.052563038
0.0900447
-0.000076672
0.003853514
0.028832044
-0.032380607
-0.025727056
-0.033267744
0.03437667
-0.012309066
-0.015303162
0.020958679
0.006209979
-0.008871399
0.004491146
-0.025505273
-0.013750668
-0.000901001
0.018186368
0.032824177
-0.002522804
-0.055002671
0.024174562
-0.019960647
-0.000648028
-0.01092291
0.031937033
0.036372736
0.040808436
-0.010146663
0.004213914
-0.03526381
-0.003770344
-0.020182433
0.016190303
0.006071364
0.023509206
-0.00870506
0.033267744
-0.043691639
0.003451529
-0.035707381
-0.032380607
-0.052119467
-0.023065638
0.008982291
-0.00195448
-0.006986227
-0.014416022
-0.019295294
-0.055002671
0.010867463
0.020404218
0.02583795
-0.011699158
0.02051511
0.023509206
0.011754603
-0.012641743
-0.006431764
0.042804498
-0.0294974
-0.021845819
0.000859417
0.031937033
-0.001642595
-0.01785369
-0.03969951
0.010590232
0.027168659
0.001732695
-0.02273296
0.042582713
-0.023065638
0.029275617
-0.000703474
0.04502235
0.011033802
-0.01092291
0.009093184
0.006542657
0.006847611
-0.010368448
0.023952777
-0.039034154
0.02051511
-0.065648355
0.013085314
-0.005350562
-0.014526916
0.013917007
-0.017742798
0.0294974
-0.033267744
-0.008926845
0.04058665
-0.034154885
0.028388476
0.0294974
0.037925232
-0.038147014
-0.030162755
0.008926845
-0.007873367
-0.016744765
-0.016190303
0.029940972
0.007263458
-0.010978355
-0.024285454
0.002855482
0.04502235
-0.008538721
-0.020626001
0.015635841
0.00053367
-0.001261402
-0.011920942
0.019849755
0.033489529
-0.04014308
0.012364511
0.051897682
-0.01696655
-0.01519227
-0.024839917
-0.008206044
0.052119467
-0.000079271
-0.052563038
-0.02273296
-0.038812369
0.008926845
-0.064761214
0.00151091
0.008150597
0.011477372
0.026392411
-0.048570909
0.067866199
0.052341256
0.054559104
0.003493113
0.004491146
-0.014970486
0.015303162
-0.033489529
0.039921295
-0.0147487
-0.054559104
-0.093149684
0.022622066
0.01253085
-0.009813985
0.002231711
-0.01519227
-0.016190303
-0.002106957
0.007485243
-0.037703443
-0.048570909
-0.017299227
0.041473791
-0.054337319
-0.005905025
-0.019295294
0.005988194
0.020626001
0.08028616
0.007263458
-0.052341256
-0.017742798
-0.030606324
0.045244131
0.062986933
-0.033933099
-0.043691639
0.007069396
-0.019738862
-0.022511175
0.022954743
0.002813897
-0.028388476
0.025616163
0.002522804
0.021734927
-0.009980324
0.000810901
-0.006293149
0.024618132
0.005988194
0.024618132
-0.035929166
-0.019517077
-0.016744765
-0.011477372
0.013917007
-0.010534787
-0.028832044
0.021402249
-0.037925232
0.003396082
-0.043026283
0.005766409
0.027390443
-0.042582713
0.03482024
0.023176529
0.003215882
-0.061212648
-0.031937033
-0.055446241
-0.057664089
0.098472528
0.030384541
0.000921794
-0.047240198
-0.020182433
0.013528883
0.013307098
0.004103022
0.000058478
-0.030384541
-0.01358433
-0.065648355
-0.032602388
-0.01519227
0.003604006
-0.01741012
-0.056555167
0.016412089
0.004103022
-0.025505273
0.034598455
-0.024507239
-0.049236264
0.04014308
0.001296056
0.060325511
0.042360928
0.032158822
0.009093184
0.056776952
0.030162755
0.016633872
-0.013085314
-0.000928725
-0.063430503
0.001635664
-0.030606324
0.034154885
-0.004990162
-0.013695221
0.026614197
-0.003964406
0.047905553
-0.00169111
-0.023065638
0.04391342
-0.066091917
-0.015968516
0.070527621
-0.015414055
-0.086496137
-0.0051565
-0.017742798
-0.000970309
-0.004629761
-0.039255939
-0.00568324
-0.005378285
-0.037038092
-0.034598455
0.011754603
0.043248069
-0.002356465
-0.035485595
-0.015635841
0.008150597
-0.016301194
-0.014305131
-0.005350562
0.048570909
0.040808436
0.026946874
-0.055002671
-0.022843853
-0.000942586
-0.113553904
0.016522979
-0.004546592
0.020182433
0.008372382
-0.042804498
0.039255939
-0.0095922
-0.059881944
-0.056776952
0.017299227
-0.015524948
0.013528883
0.030162755
0.031049896
-0.019960647
0.015414055
0.01358433
-0.007263458
0.01092291
0.004740654
0.011810049
0.005738686
0.011699158
0.030828111
0.036594521
0.033489529
-0.022400282
-0.012863528
-0.047240198
-0.007762474
0.005905025
-0.001843587
-0.035042025
-0.025172595
-0.005461455
-0.063874066
-0.015414055
0.047461987
-0.082060441
0.056333382
0.0250617
0.035707381
0.047018413
-0.009093184
-0.017299227
-0.011810049
0.03969951
-0.002287158
0.047018413
0.017742798
-0.024174562
-0.000762386
-0.051232327
0.004823823
0.038368799
0.017631905
-0.016079411
-0.014637808
-0.009314969
0.015303162
-0.053671964
0.014305131
0.013196206
0.02007154
-0.005295116
-0.019184399
-0.029719187
0.020736896
-0.057220522
-0.00826149
-0.058107663
-0.034154885
0.079399019
0.031493466
0.022511175
0.002231711
0.061656222
0.000800505
0.029275617
0.031271681
-0.029719187
0.011865497
0.033267744
0.04014308
-0.000703474
0.006792165
0.00435253
-0.026059734
-0.012918975
-0.001885172
-0.024839917
-0.046131276
0.024174562
0.0589948
0.030162755
-0.001926757
-0.045244131
0.027501335
-0.014859593
0.014970486
-0.022954743
-0.009647647
-0.0294974
0.001843587
-0.029719187
0.011810049
-0.015524948
-0.024396345
0.035707381
0.013695221
-0.028832044
-0.03526381
0.067866199
0.004075299
0.036816303
0.016855657
-0.01785369
-0.003992129
0.039477725
0.055002671
0.0294974
0.010368448
-0.043691639
0.000731197
0.020404218
-0.033489529
0.058107663
0.015968516
0.004851546
-0.042139146
-0.02007154
0.04058665
0.002813897
-0.00088714
-0.008483275
0.003534698
0.00310499
-0.039034154
0.005433732
0.03437667
0.0047961
0.018186368
-0.08028616
0.003063405
0.029275617
-0.020847786
-0.038590588
-0.019406185
-0.031049896
-0.042360928
-0.009314969
-0.001115856
-0.015303162
-0.000072773
-0.029275617
-0.041695572
0.018740829
-0.00011869
0.001677249
-0.030384541
0.013251652
-0.048127342
0.025283486
0.010812017
-0.049901616
-0.026281519
0.015303162
-0.064761214
0.022400282
0.012087281
-0.011144694
-0.032158822
-0.036372736
-0.013917007
-0.004463423
-0.001406948
-0.042582713
0.01519227
-0.008594167
0.021513142
-0.032158822
-0.00914863
-0.060769081
-0.01136648
0.007651581
0.028277583
0.053228393
0.023952777
0.011532819
-0.026170628
0.067866199
0.018519046
-0.056333382
-0.06964048
0.016079411
-0.042804498
-0.061212648
-0.029275617
0.021291357
0.027834013
0.009536753
-0.018629938
-0.007762474
-0.077181175
0.008150597
-0.025283486
0.01696655
0.010812017
0.037925232
0.010091216
-0.018740829
-0.010645678
-0.028277583
0.001344571
-0.054337319
0.032824177
-0.020847786
-0.003354498
-0.054337319
0.00006411
0.016855657
0.026946874
-0.039034154
0.019406185
0.006320871
-0.037038092
0.008039705
0.005489178
-0.055889815
-0.039255939
-0.011421926
-0.037259877
-0.018186368
-0.042139146
-0.020182433
0.063874066
-0.023398316
-0.021845819
-0.003936683
0.013140759
-0.030828111
0.014970486
-0.024174562
-0.003742622
-0.000369064
-0.030162755
-0.001192094
0.026835982
-0.005461455
0.01519227
0.042360928
0.006986227
0.004768377
-0.036594521
-0.00523967
0.006625826
-0.009703092
-0.007596135
0.036372736
-0.008427829
-0.005184224
-0.025948841
0.013140759
0.007762474
-0.059438374
-0.072745472
0.034154885
-0.063430503
-0.041473791
-0.026614197
0.014305131
0.021513142
-0.064317644
0.003396082
-0.036150947
0.04391342
-0.037038092
0.032602388
0.033267744
0.011920942
-0.033267744
0.002314881
-0.009924877
-0.006792165
0.019406185
-0.011643711
-0.024729023
-0.027168659
-0.03969951
0.014305131
-0.03437667
-0.007208011
0.020293325
0.007041673
0.020736896
0.006708995
0.024063671
-0.00195448
-0.047240198
0.008095152
0.013473437
-0.032602388
-0.0147487
0.009259523
0.037925232
-0.029719187
-0.005960471
-0.033933099
0.000499016
-0.022511175
0.003312913
-0.04879269
-0.026503304
-0.03526381
-0.000807436
-0.040808436
-0.005211947
-0.003146574
-0.02583795
0.018740829
-0.022954743
0.03482024
-0.005378285
0.026059734
-0.008871399
-0.004990162
0.009647647
0.006598103
-0.003576283
0.001088132
0.009093184
-0.019960647
0.033711314
0.023176529
0.004213914
0.00870506
0.016633872
-0.020847786
0.021845819
-0.055889815
0.048127342
-0.031049896
-0.027168659
-0.008095152
0.004685207
0.063874066
-0.042804498
-0.003742622
0.016412089
-0.02051511
-0.01386156
0.011754603
-0.001802003
-0.022843853
-0.00151091
-0.020182433
0.029940972
-0.010534787
-0.01785369
-0.007485243
0.028166691
0.007429797
0.044356994
0.036816303
-0.024729023
0.06919691
0.030162755
-0.016301194
-0.025948841
-0.001018825
0.01225362
-0.000050681
-0.048127342
0.030828111
-0.035707381
0.001372294
-0.028610261
-0.035707381
0.007041673
0.045687705
0.008594167
-0.026946874
0.03437667
-0.023509206
-0.009314969
-0.033933099
0.032602388
0.082504004
-0.054559104
0.019738862
-0.024174562
0.037925232
0.041695572
0.059438374
0.031271681
-0.034154885
0.019184399
0.004990162
-0.028832044
-0.00612681
-0.032158822
0.020958679
0.004823823
0.022289388
0.009370415
0.026392411
-0.017742798
0.009647647
0.041695572
-0.035707381
0.018629938
0.030606324
-0.002065372
-0.055002671
-0.020293325
-0.017964583
0.010812017
0.021180464
-0.012808082
0.006099086
-0.012309066
0.052784823
0.036372736
0.026946874
-0.024839917
0.023730993
0.024285454
-0.010534787
0.041695572
0.04879269
-0.101577513
0.014526916
0.036594521
-0.0294974
-0.000998032
-0.092262551
-0.03526381
0.000686147
-0.009813985
-0.030828111
0.033711314
-0.007069396
-0.000866348
0.056776952
0.000821297
0.011089249
0.004685207
0.053450175
0.011089249
0.041473791
-0.051675901
-0.063874066
-0.010534787
0.03526381
-0.010257555
-0.039255939
0.033711314
-0.003007959
-0.012918975
0.020404218
-0.0095922
0.028610261
-0.005627794
0.003312913
-0.037925232
0.036372736
-0.034598455
-0.009370415
-0.003326775
-0.004158468
0.016301194
-0.061212648
0.013917007
0.012198173
0.001497049
-0.081616871
-0.032380607
0.035929166
-0.052563038
-0.01358433
0.042139146
-0.001677249
-0.002855482
-0.030162755
0.026392411
0.010202109
-0.026725087
0.016855657
-0.000942586
-0.007069396
-0.057664089
0.00435253
0.066535488
-0.052784823
0.023952777
0.038147014
-0.013695221
0.005766409
0.014027899
0.045687705
-0.033045959
-0.021291357
0.055446241
-0.00008057
-0.011643711
-0.001448533
0.002120819
-0.013695221
-0.011810049
-0.039477725
0.067866199
-0.002287158
0.010756571
-0.036372736
0.037481658
-0.009758539
-0.013417991
-0.056333382
-0.038147014
0.05034519
-0.025172595
0.003659452
0.009980324
-0.049458046
0.022178497
0.028610261
0.017742798
-0.023620099
-0.073189043
0.063874066
-0.00657038
-0.006431764
-0.032158822
0.000396787
-0.026835982
-0.029275617
-0.049014479
-0.036816303
0.015524948
0.014305131
-0.037038092
0.00693078
0.002023788
-0.015635841
0.023176529
0.009924877
-0.045687705
-0.023730993
0.046796631
-0.041695572
-0.056333382
-0.030606324
-0.049014479
0.067422628
0.013251652
-0.016855657
-0.027944908
-0.033489529
-0.046353057
0.01962797
-0.003326775
-0.012309066
-0.040808436
-0.031493466
0.024950808
0.037038092
0.055446241
-0.010645678
-0.001101994
-0.034154885
-0.015746733
-0.013639776
0.089601129
-0.006348595
0.052119467
0.053450175
0.039921295
-0.039034154
-0.007762474
0.017188335
0.060769081
-0.014083345
-0.007707028
-0.028832044
0.000949517
0.094923973
-0.055889815
0.038812369
0.022289388
-0.016522979
0.019517077
-0.056555167
0.043691639
-0.036150947
0.019295294
0.041917358
-0.023176529
-0.038590588
0.003936683
-0.027723121
-0.026392411
0.030162755
0.064317644
-0.03969951
0.014416022
-0.012419959
-0.026059734
0.039034154
0.019738862
-0.055446241
0.012863528
-0.004241637
0.016190303
0.008538721
-0.008926845
-0.025948841
-0.000745059
-0.056111597
-0.007263458
0.019406185
-0.008760506
0.023841884
-0.047683768
0.002980235
-0.03437667
-0.032602388
0.037259877
0.008483275
0.008871399
0.000332677
0.000310152
-0.047905553
-0.02007154
-0.025505273
-0.030828111
0.032380607
-0.007429797
-0.022843853
-0.028832044
-0.019738862
-0.002093096
0.015414055
0.000024799
-0.024950808
-0.005128778
0.015857626
0.072301894
-0.04879269
0.030828111
0.006847611
-0.036150947
-0.02051511
0.03482024
0.015081378
0.002273296
-0.020182433
-0.03437667
-0.007485243
-0.024285454
0.005350562
0.000963378
-0.002966374
0.021402249
0.000419312
-0.024950808
-0.006542657
-0.01519227
0.015635841
