voyage-4:fa441561b2888cf5ac97ebb001b60085cf5c43b3f6319860b1e41728b25fc804
0.021272346
-0.064311743
-0.004019484
-0.014160952
-0.014841172
0.011872938
0.03190852
0.033392638
0.009770438
-0.026837785
-0.033145282
-0.028569255
-0.03116646
-0.058375277
-0.005812793
0.042049985
0.036855575
-0.004019484
0.000161359
0.036113519
0.028692931
-0.009584923
-0.066290565
0.014408304
0.00797713
-0.05367557
0.019911906
0.000278272
-0.020530287
0.010203306
-0.010945365
0.00624566
-0.020653963
-0.004112241
-0.059612039
0.015768746
-0.032155871
-0.032403223
-0.019169847
0.028692931
0.048481163
-0.022014406
0.010574334
0.021024993
0.008162645
-0.072227038
-0.012676834
0.024858963
-0.001855146
-0.011996614
-0.001623253
0.072227038
-0.078163505
0.016448965
-0.028816609
0.025477344
0.028940285
0.004204999
-0.012491319
0.001136277
0.007327829
0.026961463
-0.071732327
0.026095727
0.020901317
-0.011872938
-0.006833123
-0.008904703
0.003385642
0.032403223
0.006060145
-0.024611611
-0.008224483
0.029682344
0.010512496
-0.01038882
0.016077936
0.001816498
0.022880141
-0.079152912
0.02807455
0.007915292
-0.028816609
0.011934776
0.005905549
0.033392638
0.011007203
-0.036113519
-0.028445579
0.029682344
-0.016819995
0.02980602
-0.016448965
0.027456168
-0.009399408
0.054417629
-0.0430394
0.001422279
-0.093499385
0.004977976
0.024240581
0.001831957
-0.049223222
0.040071163
-0.001584604
0.017562052
-0.07074292
0.015212201
-0.000371029
-0.001159467
-0.01558323
0.022014406
0.044523511
-0.027456168
0.103393495
-0.013789922
-0.037350282
-0.033145282
-0.020282933
0.060354099
0.002519907
0.02733249
-0.002380771
-0.0215197
-0.040071163
-0.062085569
0.02770352
0.0173147
-0.061590862
-0.027950874
-0.005318087
0.033145282
0.006740366
-0.019417198
-0.04477087
0.005812793
0.018922493
0.021396022
0.005936469
0.039823812
-0.02189073
-0.052686159
0.02733249
0.016943671
0.000342043
0.033392638
0.022509111
0.013728084
-0.019169847
0.018675141
0.038587045
-0.052191455
-0.016943671
-0.034382049
-0.007482424
-0.019293522
-0.000823221
0.015274039
-0.021272346
0.044028811
-0.052686159
-0.021643374
0.028569255
-0.04526557
0.066290565
-0.001144007
0.045760281
-0.005441763
-0.065795861
0.032650579
0.058127921
0.003215587
-0.02189073
0.003184668
0.030671755
-0.024858963
0.013666245
-0.036608223
0.051449396
-0.004699704
-0.04477087
-0.00902838
0.031290136
-0.012614996
0.018427787
0.060601451
0.064806446
-0.033392638
-0.050707337
-0.016696319
0.007915292
0.011254556
-0.041802634
-0.021024993
-0.011563745
-0.032897931
0.036855575
-0.022509111
-0.016572641
-0.020406611
-0.048233803
0.030300725
0.056149099
0.040565867
0.022261756
-0.031042784
0.066785276
0.00417408
0.030795431
0.014717495
-0.014779333
-0.041555278
0.018922493
0.001066709
0.007760696
0.028816609
-0.062332921
-0.034134693
0.013728084
-0.020159258
0.008224483
0.030053372
0.006802204
0.027827198
-0.017438376
0.006523932
-0.041802634
-0.038834397
-0.010512496
0.0430394
-0.002829098
-0.015026686
0.008966541
0.048481163
0.006709446
0.047244392
0.029558666
-0.025353668
0.023127491
-0.015645068
0.041802634
-0.014037275
-0.020035582
0.007760696
0.001592334
-0.029187638
0.016077936
0.039329104
0.049223222
-0.007822534
0.024364257
0.038092341
0.02189073
0.027085138
-0.008348159
0.046502341
0.007358748
0.059117332
-0.008471835
0.037844986
0.038339693
0.004885219
-0.007173233
0.060601451
0.03363999
-0.036855575
0.020159258
-0.016325289
-0.005287167
-0.057880569
-0.000645436
0.009461246
-0.041555278
-0.02189073
0.034876753
0.005627278
-0.003617536
0.005225329
0.003988565
-0.006121983
0.078163505
-0.007575181
0.009584923
-0.006183822
0.018922493
0.03537146
-0.034629401
-0.013233379
0.021272346
-0.033887342
0.018180436
-0.000303394
-0.01490301
0.025477344
-0.024982639
-0.008038968
0.00344748
-0.047244392
0.016077936
0.009832276
0.03363999
-0.009770438
0.006709446
-0.033145282
-0.004112241
0.036608223
0.02807455
-0.002550826
0.030300725
0.012676834
0.064311743
0.037597634
0.030671755
0.022880141
-0.021643374
0.008286321
-0.018922493
0.023498522
0.01805676
-0.059859391
0.019046171
0.028692931
0.065795861
-0.011130878
-0.009584923
0.0430394
-0.041307926
0.011501908
0.015830584
-0.015830584
-0.031042784
-0.021024993
-0.03116646
-0.005163491
-0.002844558
0.026343079
-0.027085138
0.031661168
-0.056891158
-0.010945365
0.002550826
0.033392638
-0.008348159
-0.017438376
-0.023622196
0.038587045
-0.0048543
-0.017438376
-0.00865735
-0.081131734
0.060601451
0.012738672
-0.053428218
0.036360871
0.063322335
-0.057385862
0.024735287
0.025106316
0.026219403
0.042792045
-0.011934776
0.008038968
-0.005256248
-0.052438807
-0.002875477
0.03116646
0.001754659
0.050459985
0.00692588
-0.041060574
-0.026837785
0.055654395
0.028445579
-0.014717495
0.035124104
-0.025353668
-0.032897931
0.010821687
0.019169847
0.024364257
0.019169847
-0.010203306
-0.019788228
0.009152056
-0.040318515
0.012243967
0.01317154
-0.014964848
0.025972052
-0.003416561
-0.021024993
-0.034382049
-0.014284628
0.018551465
-0.008471835
-0.010698011
0.009584923
0.02943499
-0.031042784
-0.015274039
0.01595426
0.021148669
-0.00346294
0.005318087
-0.019788228
-0.016572641
-0.030795431
0.060354099
-0.014717495
-0.067774683
0.030795431
-0.035866164
-0.01106904
-0.011192718
-0.006616689
0.025229992
-0.00380305
0.038092341
0.028321903
-0.01453198
-0.050459985
-0.018798817
0.021272346
-0.034876753
0.013913599
-0.019169847
-0.014841172
0.000622247
0.004761543
0.0870682
0.004050403
-0.01422279
0.01595426
0.040813223
0.014408304
0.006740366
0.049470574
0.017933082
-0.043286748
0.016448965
0.001600064
-0.007729777
-0.011749261
0.00310737
0.007667939
0.028321903
0.00104352
-0.015026686
-0.031661168
0.056891158
-0.03363999
0.036113519
0.036113519
0.026095727
-0.008719188
0.044523511
-0.02943499
0.008224483
-0.038092341
-0.000579733
0.001600064
0.043781459
0.019664552
-0.012491319
0.042297337
0.011192718
-0.005905549
-0.016448965
0.034382049
-0.02770352
0.018551465
-0.024611611
0.006894961
0.039576456
0.01422279
0.049965277
0.044028811
-0.01106904
0.001816498
-0.062580273
0.019788228
0.017809406
-0.005812793
-0.010203306
-0.026961463
-0.033887342
0.001901525
0.026590433
-0.026219403
-0.03537146
-0.017562052
-0.015212201
-0.025477344
-0.011563745
-0.01558323
0.016943671
0.002241635
0.054664981
0.021643374
-0.03116646
0.008719188
-0.001259954
-0.07717409
0.017562052
-0.028569255
-0.001298602
0.026714109
-0.038092341
-0.015212201
0.021272346
-0.068269387
-0.012429481
0.033887342
0.039576456
-0.05886998
0.020035582
-0.030300725
-0.021396022
0.059612039
0.01768573
-0.009832276
0.032403223
0.024116902
-0.060106743
0.024364257
-0.002056121
0.004699704
0.017809406
-0.03537146
-0.057385862
-0.002473528
0.012305805
0.022756465
0.031042784
0.02980602
0.018304111
-0.007049556
0.006307498
0.007637019
0.016325289
0.024611611
-0.020282933
0.016819995
0.040565867
-0.008100806
0.023745876
0.046502341
0.013109702
-0.029063961
-0.017438376
-0.044028811
0.000858005
-0.023993228
-0.025106316
0.037597634
0.018798817
-0.008595512
0.030424401
0.026343079
-0.089541741
0.029187638
-0.027579844
0.026714109
0.053922925
0.008904703
-0.024116902
-0.017191024
0.049223222
-0.030548077
0.006276579
-0.04551293
-0.028198225
0.002241635
0.025353668
-0.067774683
-0.030053372
0.024364257
-0.020653963
-0.000742059
0.024858963
-0.076184683
-0.007637019
0.050212633
-0.054170277
-0.048728514
-0.041060574
0.038587045
-0.042792045
-0.05540704
-0.006121983
0.022632785
0.016572641
-0.076184683
-0.011254556
-0.022632785
-0.031537492
-0.017191024
-0.013233379
0.059117332
-0.032650579
-0.020901317
0.022880141
-0.01453198
0.010326982
-0.020159258
-0.015706906
0.012800511
0.004112241
0.01075985
0.004977976
-0.009152056
-0.00658577
-0.013480731
-0.001468658
0.012924187
0.020406611
0.031413812
-0.017809406
-0.051202044
-0.050459985
-0.063817039
-0.004452351
-0.005225329
-0.01768573
-0.072227038
0.006029225
-0.017067347
-0.010079629
-0.00417408
0.004545109
-0.051449396
0.054664981
-0.073711149
0.038834397
-0.000776843
-0.02189073
-0.040318515
0.005349006
0.018922493
-0.0017392
0.00865735
0.044523511
-0.039823812
-0.048481163
-0.054912336
-0.018180436
-0.030053372
-0.026714109
-0.024487933
-0.013047864
0.063817039
0.013604407
0.019664552
-0.026343079
-0.013109702
0.017933082
0.003493859
-0.024611611
-0.000369097
0.0430394
0.030053372
-0.008595512
-0.011316393
-0.064806446
0.018798817
-0.060848802
-0.012924187
-0.028198225
-0.018427787
-0.03710293
0.047739103
-0.048233803
0.012924187
-0.01805676
-0.016077936
-0.009894114
-0.050212633
0.03363999
-0.020406611
-0.019788228
-0.068269387
-0.012243967
-0.002906396
0.026714109
0.010821687
-0.009523085
-0.020777639
0.040318515
0.095972911
-0.006431174
0.026837785
-0.007822534
-0.006214741
0.013047864
0.012305805
-0.0870682
0.052438807
-0.023993228
-0.063322335
0.011316393
0.000287934
-0.028569255
0.000749788
-0.000699545
0.022880141
-0.026095727
-0.00052949
0.001484117
-0.018427787
0.004606947
-0.009832276
-0.013109702
-0.012182129
0.020159258
0.012676834
0.032155871
0.016448965
0.009399408
0.027456168
0.011872938
-0.043781459
0.023869552
-0.007204152
-0.039329104
-0.005070733
0.00011643
-0.02176705
-0.01453198
-0.027827198
-0.052686159
-0.030671755
0.003014613
0.005596359
0.015150363
0.014470142
0.080142327
-0.010636173
-0.019169847
0.001089899
-0.021024993
-0.040318515
0.017809406
-0.016325289
0.037350282
-0.027456168
0.032403223
-0.043286748
0.03710293
0.026466757
0.03190852
0.062332921
-0.031537492
0.000560409
0.015026686
-0.003339264
0.002318933
-0.038339693
0.015335877
0.010883525
-0.005874631
-0.028321903
-0.006338417
-0.007791615
0.001878336
0.030548077
-0.026961463
0.018304111
0.004977976
0.029682344
-0.055901747
0.001785578
0.004204999
0.012676834
-0.00380305
0.008348159
0.053180866
-0.020530287
0.039081752
-0.000401948
0.016819995
-0.01422279
0.007544262
0.012243967
-0.012182129
-0.000011051
-0.00103579
-0.064311743
-0.003555697
-0.040318515
-0.0430394
0.02733249
-0.030919107
-0.006740366
-0.026961463
0.022385435
-0.018798817
0.023127491
-0.004545109
-0.016201612
0.009770438
0.01385176
0.047986455
0.026714109
0.015150363
-0.010450658
0.041555278
-0.050707337
-0.03190852
-0.060354099
0.011625585
0.002751801
0.012243967
0.052191455
-0.014717495
-0.004452351
0.037597634
-0.058622628
0.016943671
-0.002798179
-0.007822534
-0.018798817
-0.02733249
0.006864042
0.011501908
0.025601022
0.035618812
-0.01805676
-0.022509111
-0.01075985
0.039081752
-0.037597634
-0.02733249
0.035866164
0.016077936
-0.000583598
0.0435341
0.014779333
0.021148669
0.027085138
0.000036958
0.004204999
-0.006956799
0.025477344
-0.023374846
0.025229992
0.065301158
-0.048975866
0.030671755
0.050707337
-0.025972052
0.020035582
0.06727998
-0.010883525
-0.001453198
-0.020035582
0.001839687
0.030177049
0.001329522
0.041060574
0.022880141
-0.036113519
0.031537492
0.012429481
-0.016572641
-0.046502341
0.024858963
0.010636173
0.017067347
-0.008224483
0.00865735
0.003957646
0.020035582
0.048975866
-0.02733249
0.005812793
0.088057622
-0.066290565
0.014841172
-0.019664552
-0.097457029
0.018551465
-0.005503601
0.059859391
-0.042544693
-0.03710293
0.048728514
0.03190852
0.012243967
-0.026837785
0.052686159
0.0215197
-0.00448327
0.01075985
-0.029558666
-0.016943671
-0.047986455
0.012491319
0.008781026
-0.001978823
-0.032897931
0.002612665
0.036855575
0.041802634
-0.022756465
0.024982639
0.047491752
-0.014593819
-0.028816609
0.009275733
0.034134693
0.039081752
-0.006431174
-0.009399408
0.025229992
-0.013418892
0.038092341
-0.041060574
-0.011130878
-0.025477344
0.035124104
-0.000892789
0.002550826
-0.013233379
-0.00865735
0.018675141
-0.046254981
-0.041307926
0.015335877
0.010326982
0.005689116
0.004916138
0.02325117
0.026837785
0.01075985
-0.047739103
-0.06134351
-0.015212201
-0.080142327
0.039576456
0.002365312
-0.01317154
0.004699704
-0.008409997
0.057880569
0.030300725
-0.002813639
-0.006431174
0.012120291
0.008966541
0.015335877
0.030424401
0.056396451
0.00208704
0.002473528
-0.023745876
0.009213894
-0.05540704
0.042544693
0.006369336
-0.033145282
-0.019540876
0.023869552
0.010203306
0.022632785
0.000734329
-0.029187638
0.019540876
-0.01805676
0.0430394
-0.02807455
0.048481163
0.037597634
0.034134693
-0.049965277
-0.010265144
-0.030300725
0.024611611
0.06134351
-0.057880569
0.028569255
-0.082615852
0.034382049
-0.055901747
0.039823812
0.026466757
-0.035618812
0.008409997
-0.071732327
0.00103579
-0.005843712
0.000858005
0.01453198
-0.029311314
-0.003231047
-0.015521392
-0.036855575
-0.015521392
0.050954688
-0.001893795
0.059117332
0.020035582
0.047739103
0.027456168
0.020901317
0.009090218
0.024982639
0.046997044
-0.03537146
0.065795861
-0.010203306
-0.061096154
0.004761543
-0.041060574
-0.022632785
0.042297337
0.026095727
-0.015088525
0.037350282
-0.005163491
0.016448965
0.027208814
0.007575181
0.008533673
-0.024982639
