voyage-4:66c00aa939f2deabad94bed6ce93a4b2bfee3bc656469c3e1efc1b418894aeca
-0.001192066
-0.018437292
-0.038654737
-0.012588221
0.015449179
-0.006421264
-0.011952452
0.003226526
-0.00508615
-0.013096835
-0.004386804
-0.008392147
-0.015322026
-0.024794979
0.001748364
0.007374917
0.001629157
0.008264993
0.004100708
0.047555499
-0.015258449
-0.055947646
-0.015894217
-0.030898359
0.013160412
-0.011698144
0.006516629
0.034331512
-0.011634567
-0.013160412
0.000548351
0.010299454
-0.047555499
-0.012588221
-0.013478297
0.017292909
-0.031152666
0.033059973
-0.037637509
-0.016084949
0.02276052
-0.006866302
-0.025812209
0.005149727
-0.061033797
-0.056964878
-0.00527688
-0.000655636
-0.02072606
0.026575131
0.009409377
0.065102719
-0.06815441
-0.016529987
-0.057473492
-0.042977966
-0.009409377
-0.017038602
0.003178844
0.07680086
0.002018566
-0.024922134
-0.005149727
0.01665714
0.004513958
0.038654737
-0.015385604
-0.022887675
0.065102719
-0.029753976
0.005531188
-0.020598907
-0.007406706
0.017801525
0.033822898
0.007788166
0.018691601
-0.010235877
-0.025430748
-0.025303595
-0.018945908
-0.016084949
0.012016028
0.003735141
0.022251906
0.046029653
-0.014304795
0.051370114
-0.037383202
0.033568587
0.0019232
-0.018564448
0.016402833
0.031534128
0.054421805
-0.00365567
-0.025430748
-0.013986912
-0.037383202
-0.043232273
0.001271538
0.037891816
-0.037891816
0.022379059
0.002241085
0.047555499
-0.028482439
0.019073062
0.002527181
-0.024667827
0.022887675
0.004641112
0.016402833
0.008582878
0.056964878
-0.012143182
-0.031406973
-0.010744492
-0.014304795
0.056964878
-0.02644798
-0.012842529
-0.039417662
0.020471754
-0.003973554
-0.027210902
-0.019963138
0.014940565
-0.049589958
-0.047046885
0.025303595
0.033059973
0.036365971
0.00813784
-0.013478297
0.011634567
0.034077205
0.032297052
0.004291439
0.027973823
-0.022251906
-0.024159212
0.03840043
0.020471754
0.019200215
0.049335655
0.013732605
0.008106051
-0.002988113
0.00832857
0.049844269
0.024667827
0.036620278
-0.036620278
-0.007947109
0.034077205
-0.077309474
-0.022124752
-0.04577535
0.059253644
-0.054421805
-0.041452121
0.012715374
-0.009218646
0.026575131
0.030008284
0.049589958
-0.022887675
0.002415921
0.038654737
0.014622681
-0.000572192
-0.023523442
0.028736746
0.027338054
0.04552104
-0.007343128
0.018564448
0.007661013
-0.024794979
-0.025176441
0.017420063
-0.014177642
0.019708831
0.005880861
0.047301192
0.030008284
-0.011253106
-0.041452121
0.032805666
0.004005343
0.031788435
-0.031788435
-0.007565648
-0.002543075
-0.047301192
0.027719516
-0.019708831
-0.026066516
-0.008455724
-0.062051028
0.00263844
0.013859758
0.042723659
0.017420063
-0.050352883
0.011761721
-0.002304662
-0.002304662
0.040943507
0.01443195
-0.004323227
-0.052133031
0.000615901
-0.039671969
-0.010998799
-0.031025514
-0.05060719
0.057727799
-0.026956594
-0.048572727
0.004736477
-0.010108722
-0.016212102
-0.002956324
-0.037383202
-0.076292247
-0.081887014
0.052895959
0.005213303
-0.021870444
0.003973554
-0.006993456
0.058490723
0.045266733
0.076292247
-0.002860959
-0.024159212
-0.047809809
0.035094433
0.001517898
0.034331512
-0.046283964
0.017420063
-0.005245092
-0.008042474
-0.02174329
-0.001088754
-0.003607987
0.000607954
0.000703319
-0.009345801
0.022379059
0.02072606
-0.0203446
-0.032805666
0.026320824
0.036111664
0.063068256
0.021107521
-0.001295379
-0.013541874
-0.039163355
0.051624417
-0.034077205
-0.033059973
0.051624417
-0.012461067
0.015767064
-0.039417662
-0.015449179
0.020980367
-0.000635769
0.016212102
0.034840126
0.030644052
-0.02276052
0.024667827
-0.047555499
-0.015258449
0.049081344
0.032551359
-0.025303595
-0.043740887
0.0406892
0.024286363
-0.01138026
-0.013923335
0.018182985
0.017038602
-0.038654737
-0.019581677
-0.047046885
-0.003782824
0.014940565
-0.034331512
-0.059507951
-0.000068544
-0.031152666
-0.019581677
0.064339794
-0.03840043
-0.054930419
0.029245362
-0.003687459
-0.004609323
0.013732605
-0.01443195
0.053658877
0.05569334
0.026575131
0.027592361
0.00813784
0.017801525
0.004768265
0.011825298
-0.013287566
0.034585819
0.004164285
-0.019454524
0.018691601
-0.012778951
-0.019581677
-0.025430748
0.019581677
-0.003560305
-0.015512757
-0.041960735
0.006484841
0.007851743
-0.003369574
0.009536531
-0.020853214
-0.050352883
0.014876988
-0.020217445
-0.010808068
-0.025939364
-0.009409377
-0.010744492
-0.04348658
0.009854415
-0.021234676
-0.010299454
0.032169897
-0.005149727
-0.034331512
-0.031788435
0.028991055
-0.03840043
0.012969682
0.02136183
-0.056710567
-0.014114066
0.036874585
-0.039671969
0.02276052
-0.027719516
0.03840043
-0.005435823
0.002511286
0.056964878
-0.012206759
-0.01379618
-0.02644798
-0.008392147
-0.008455724
-0.002924536
0.010680915
-0.040434889
0.016021373
-0.006230534
0.016784294
0.032424204
0.044758119
-0.038146123
0.031661279
-0.019327369
-0.006548418
0.033568587
0.008646455
-0.003703353
0.010108722
-0.037637509
-0.035348739
-0.015131296
-0.025430748
-0.006325899
0.009536531
-0.023014827
0.024159212
-0.072731942
-0.023523442
0.018310139
-0.041706428
-0.010299454
-0.01767437
-0.016402833
0.034585819
0.025685057
0.010235877
-0.015067718
0.022379059
-0.006611995
0.016911449
0.011634567
-0.014622681
0.032805666
-0.043995194
-0.000066557
-0.013541874
0.005054361
0.00772459
0.009282224
0.039417662
-0.011253106
0.005849072
-0.019963138
0.025939364
0.009536531
-0.028863899
0.058490723
0.024413519
0.03331428
0.008392147
0.032805666
-0.032424204
0.012906104
0.078835323
0.041706428
-0.04552104
0.04577535
-0.01055376
0.027973823
0.03191559
-0.01055376
0.016911449
-0.031279821
0.023141982
0.007470282
0.036365971
0.015322026
0.001366903
0.036111664
-0.016529987
0.017928679
0.053913187
-0.065611333
0.006325899
0.016529987
0.017292909
0.023014827
-0.023141982
0.063322559
-0.015894217
0.041197814
-0.006484841
-0.038654737
-0.048064113
0.0019232
0.004927208
0.062559642
-0.009345801
-0.008519301
0.066119947
0.0101723
-0.028228132
-0.004259651
0.057473492
-0.028228132
0.058999337
-0.044249505
-0.052895959
0.022124752
-0.009981569
0.000723187
0.031152666
-0.084938705
-0.0046729
-0.038654737
0.02276052
-0.00527688
0.023269134
0.004450381
0.008519301
-0.022379059
0.003560305
0.029245362
-0.056964878
-0.026320824
-0.046029653
-0.036620278
-0.029626822
-0.03331428
-0.013732605
0.052387342
0.006230534
0.048064113
0.006166957
-0.054421805
0.004005343
0.013732605
-0.035348739
-0.006929879
-0.047809809
-0.010871645
-0.009472954
0.035857357
-0.031279821
0.000270202
-0.064085491
0.015576333
0.055439033
0.030262591
-0.075275019
-0.049589958
-0.004641112
-0.031025514
0.020980367
0.000097352
-0.010744492
0.022379059
-0.010235877
-0.057982109
-0.01767437
-0.012461067
0.029372513
0.018818755
-0.044758119
-0.026193671
-0.01583064
-0.0203446
-0.018564448
-0.020598907
0.016148526
0.030898359
0.030008284
0.029753976
-0.04577535
0.003115267
-0.010426607
-0.046029653
0.030771207
0.071714714
-0.0101723
0.028736746
0.073240556
-0.007692802
0.011443838
-0.046792578
0.019327369
-0.005594765
-0.017928679
-0.022379059
-0.035857357
0.043740887
-0.008106051
0.01239749
-0.008106051
-0.042215042
-0.008837185
-0.001446374
-0.017801525
0.036111664
-0.023141982
-0.082904242
0.017165756
0.023269134
0.047301192
0.010680915
-0.019200215
-0.021107521
-0.027210902
-0.001414585
-0.057982109
-0.026066516
0.024159212
0.021234676
-0.042977966
-0.013669027
-0.021997597
-0.000703319
0.03840043
-0.004227862
-0.032042746
-0.046538267
-0.015703486
-0.022379059
-0.034840126
-0.011062376
-0.004704689
0.034331512
-0.036874585
-0.042723659
0.012969682
-0.031025514
-0.015957795
0.037637509
-0.011125953
0.014495527
0.00712061
0.007374917
-0.007788166
0.036365971
-0.041197814
0.036111664
0.038909048
-0.041452121
-0.000081458
-0.008010686
-0.00089405
-0.003226526
0.028228132
0.031152666
0.032551359
0.023904905
-0.032169897
-0.03560305
-0.048064113
0.019200215
-0.036111664
-0.037383202
-0.019963138
-0.018310139
-0.03560305
-0.034585819
0.030898359
-0.013160412
0.008837185
0.016529987
-0.025430748
0.055439033
-0.025049286
0.018691601
-0.025176441
-0.009727262
-0.01138026
-0.025939364
-0.028609591
0.013923335
0.057982109
0.023523442
0.004545746
-0.033822898
-0.023141982
-0.047301192
-0.004704689
-0.020090291
-0.018818755
0.020090291
0.064339794
0.020090291
0.031661279
0.01665714
0.037637509
-0.007565648
0.025939364
-0.042215042
0.018310139
0.097654074
0.038909048
-0.004291439
-0.02072606
-0.054421805
0.036365971
-0.03560305
0.041960735
0.004513958
-0.070188865
-0.013541874
0.012715374
-0.011888875
0.011634567
-0.014622681
-0.037128896
-0.048827037
0.005404034
0.022251906
-0.046538267
0.022887675
-0.034077205
0.038146123
-0.041197814
-0.002256979
-0.054421805
-0.018437292
0.013287566
0.004545746
0.042723659
0.010045146
0.016784294
0.026193671
0.049335655
-0.058490723
0.02784667
-0.001716576
0.07680086
-0.011062376
-0.028991055
-0.000778817
0.03840043
0.018818755
0.041197814
-0.005785496
0.051624417
0.015131296
0.000405303
-0.027719516
-0.0046729
-0.022506213
0.017292909
-0.022506213
-0.017292909
0.010998799
-0.02174329
0.013732605
0.030898359
0.003941766
-0.011698144
0.074766405
-0.065611333
0.053658877
0.03331428
-0.019581677
-0.012524643
0.014622681
-0.028736746
-0.005340457
0.005817283
0.009472954
0.027465209
0.042723659
-0.017928679
0.005054361
0.021870444
0.070697479
-0.059253644
-0.016911449
-0.036111664
0.005976226
-0.010299454
-0.062559642
0.019581677
0.008264993
-0.021107521
-0.028482439
-0.00813784
0.04348658
0.013605451
0.047046885
0.014114066
-0.057982109
0.064594105
-0.02174329
-0.075783633
0.010045146
-0.016529987
0.016084949
-0.056710567
0.003671564
0.027592361
0.041452121
-0.034331512
0.019327369
0.021234676
-0.038909048
0.002860959
0.011443838
0.023777749
-0.005594765
-0.036111664
-0.008582878
0.010045146
-0.009091493
-0.014304795
-0.003194738
0.039926276
0.030135436
0.048318423
-0.028736746
-0.019327369
0.012270336
0.057727799
-0.035094433
0.006230534
0.009536531
-0.009981569
0.0406892
-0.03331428
-0.001382797
0.027719516
-0.0203446
-0.018818755
0.003480834
-0.02276052
-0.012333914
0.029499669
0.030135436
0.022506213
0.072731942
-0.004355016
0.051370114
-0.020980367
0.022887675
0.030135436
0.044249505
-0.028100977
-0.058236413
0.013669027
0.012524643
0.005753707
-0.035094433
0.001883465
-0.029753976
-0.026702287
0.075275019
-0.034840126
0.031025514
0.014749834
-0.024540672
-0.013923335
-0.010998799
-0.011443838
0.003210632
0.00670736
-0.018564448
0.017801525
-0.057473492
0.015767064
0.07680086
0.009091493
-0.059507951
0.010108722
0.002113931
-0.039671969
0.008042474
0.025685057
0.064594105
0.037637509
-0.052641649
-0.009091493
0.055947646
0.039417662
-0.023014827
0.012524643
-0.021997597
-0.03560305
-0.002543075
0.029753976
-0.043995194
-0.01055376
0.059253644
0.009854415
0.02644798
-0.020217445
0.019708831
-0.01379618
-0.040943507
0.062559642
0.025303595
0.022124752
-0.035348739
-0.037891816
-0.030389743
-0.056201953
0.023777749
0.047809809
-0.042723659
0.037891816
-0.0001202
0.01627568
-0.006866302
0.007565648
0.002543075
-0.004545746
0.070697479
-0.051624417
-0.015067718
0.008710031
-0.06815441
0.023650596
0.060525183
0.063068256
-0.090024851
-0.051878728
0.023777749
-0.01665714
0.010808068
-0.061796717
-0.008837185
-0.039417662
0.000254307
-0.043740887
-0.082904242
0.050098572
-0.025685057
0.024413519
-0.017038602
-0.001231802
-0.022124752
-0.005721919
0.036620278
-0.041706428
0.018182985
0.024159212
0.000141061
-0.028100977
0.009345801
-0.009854415
0.003735141
0.064594105
0.002543075
0.017420063
-0.00083842
0.015576333
-0.008837185
-0.028482439
-0.062813945
0.008900763
-0.000347686
0.023777749
0.013669027
0.036365971
0.026066516
0.025430748
-0.066119947
-0.021616137
-0.007533859
0.057219181
0.018564448
-0.021488983
0.037383202
0.031661279
-0.03840043
0.028863899
0.009854415
0.027465209
-0.036111664
0.046283964
0.041960735
-0.015067718
0.003607987
-0.005149727
0.037128896
0.017165756
-0.004037132
-0.002860959
-0.071714714
0.0406892
-0.023777749
0.010108722
0.003035795
-0.019327369
0.002209296
-0.024286363
-0.011443838
-0.03840043
0.051370114
0.030008284
-0.028609591
0.015576333
-0.022887675
-0.03191559
0.022506213
-0.001867571
0.007661013
0.062559642
-0.000045944
0.02174329
0.017420063
-0.029245362
0.038654737
0.006802726
-0.069171637
-0.045266733
-0.00772459
-0.027973823
0.006548418
-0.028355284
0.005245092
0.00263844
0.040180583
-0.009091493
0.010299454
0.029499669
0.014368373
-0.018945908
-0.029118206
0.010998799
-0.032805666
-0.020217445
-0.015004142
0.030008284
-0.021997597
0.022887675
0.022506213
-0.032805666
-0.001454321
0.025049286
-0.025049286
0.014050488
-0.028100977
0.011952452
-0.04348658
0.025685057
-0.003226526
0.014177642
0.043740887
0.034840126
-0.011825298
-0.066119947
-0.0027497
-0.015894217
0.013478297
-0.011825298
0.051878728
-0.000588086
-0.019454524
0.056456264
-0.006230534
0.001255643
-0.052133031
0.014177642
-0.027210902
