voyage-4:823c6ac419a6e56f6b3467883a2a2bee370e10c1bead1afe268acdf6aa210616
-0.04613854
0.014022498
0.031211367
-0.008029011
-0.000018332
0.005541148
0.025330964
-0.012590093
0.004636471
-0.021712255
0.035433192
-0.025783302
-0.023973949
0.023823168
0.032116044
0.020807579
0.014324057
-0.007614367
0.037544105
-0.054582197
-0.013193211
-0.021109138
-0.018545885
0.008104401
-0.031060586
0.035583973
-0.017791986
-0.006822775
-0.024577066
-0.003109828
0.00817979
0.036940988
-0.06031182
-0.021863034
-0.012288533
0.027894216
-0.010856127
-0.037694886
-0.031814486
0.011006908
0.01311782
0.015530293
-0.087452136
0.022315374
-0.025783302
0.018772053
0.011836194
-0.023672389
-0.061819617
0.005239589
0.046440102
0.023672389
-0.059105586
-0.024577066
-0.055788431
0.008142096
0.02985435
-0.005541148
-0.002271117
0.050058808
-0.0398058
0.002186303
-0.027894216
0.009272942
-0.041916713
0.03724255
0.041012038
-0.032266822
0.02306927
-0.024275506
-0.033623841
-0.010780738
0.053074401
0.034980856
0.046440102
-0.000252085
-0.002214574
0.008292875
-0.0132686
-0.04040892
-0.026989538
-0.05759779
-0.02035524
-0.018772053
0.004146438
0.015982633
-0.032568384
0.003279455
0.001602033
0.001149694
-0.030457469
0.043726068
-0.011383857
0.008368265
0.000017596
-0.00435376
0.008104401
0.026386421
0.017415039
-0.075992897
0.001347592
0.012137753
-0.000980067
0.045233864
0.009348332
0.020958357
0.030608248
0.012213144
0.008217486
-0.033774618
0.05036037
-0.022616932
-0.001649151
0.000058309
0.060914937
0.004975725
-0.0040522
-0.005729623
-0.002883659
0.038448785
0.003844879
-0.00331715
0.043424509
-0.000452339
-0.042519834
-0.00478725
-0.025934083
0.030608248
-0.012816262
-0.032869942
0.013796329
0.027592659
0.002469015
0.020506019
0.01341938
0.005465758
-0.024124729
-0.036940988
-0.014324057
0.069660157
0.038147226
0.04040892
0.011157687
0.030759029
-0.007652062
0.054280639
0.006935859
-0.03347306
-0.005955792
0.021561475
0.05247128
-0.011685415
-0.023220051
-0.008858298
-0.021712255
0.005805013
0.014776397
-0.007162028
-0.025330964
0.00995145
0.014776397
-0.024275506
-0.002619795
0.015379515
0.029703571
0.035282414
0.006521216
-0.011911584
0.02337083
0.044932306
0.015228734
0.006935859
0.017565817
0.045535427
-0.049455695
0.01311782
-0.02020446
0.015605683
0.008443655
0.004768403
-0.052169725
0.015002565
-0.018470494
0.012062364
-0.015002565
0.032568384
0.047646336
-0.003901421
-0.006295046
-0.017264258
0.008820604
0.031965267
-0.002732879
0.008782908
0.011911584
-0.003449082
-0.049455695
0.009800671
-0.035131633
0.00235593
-0.04402763
-0.007463587
0.053074401
0.018168936
0.044932306
-0.03015591
0.000078924
-0.024124729
0.037845667
0.021712255
-0.004617624
-0.052772842
-0.01651036
-0.041313596
0.002751727
0.019752121
-0.037996449
-0.065438323
0.013645549
-0.003053286
-0.009725281
0.00995145
-0.015228734
-0.014173279
-0.044932306
0.014776397
-0.034377739
-0.080817841
-0.022616932
0.031663705
-0.03724255
-0.030457469
0.010856127
0.03347306
0.004466844
0.017867377
-0.017188869
-0.026989538
0.030457469
-0.03724255
0.006031182
0.006822775
0.014550226
-0.017716596
0.028798895
-0.019450562
-0.006031182
-0.046741661
-0.019752121
0.01002684
-0.02306927
0.001347592
0.027291099
0.032116044
0.020807579
0.011082296
0.011534635
-0.003373692
0.060914937
-0.002808269
0.022013815
-0.036940988
-0.042519834
0.043726068
-0.029251233
0.014625616
-0.012514702
-0.01673653
-0.008029011
-0.061216496
0.065739885
0.060613375
-0.021410696
0.016434971
-0.032417603
0.037393328
-0.020958357
0.00331715
0.000409932
0.015530293
0.050661929
0.024124729
-0.01673653
-0.045233864
0.0132686
-0.010479178
-0.070263267
-0.021863034
-0.063327409
-0.018319715
-0.037845667
-0.030909808
-0.029552793
-0.013796329
0.049154133
-0.001498372
-0.069358587
-0.013042431
0.02337083
0.035885531
0.078405365
-0.056391552
-0.057296228
0.039504241
0.004693013
0.017942766
-0.054883756
0.031512924
0.009310638
-0.017113479
0.026386421
-0.025029404
0.00129105
-0.006935859
0.055788431
0.011006908
0.032719161
-0.032869942
0.040710479
-0.023672389
0.00243132
-0.034226958
0.022164593
-0.012137753
-0.040710479
0.004693013
-0.052772842
-0.06031182
0.027441878
-0.025934083
-0.025934083
-0.009423722
0.028798895
-0.065136768
0.023521611
-0.022918491
0.000645525
0.041615158
-0.012967042
0.000072739
-0.004410302
0.0597087
-0.007086639
-0.010253009
-0.01357016
0.029100452
0.03618709
0.005428064
-0.010856127
-0.011308466
-0.014399447
0.008820604
-0.027291099
0.008594435
-0.041916713
-0.052169725
-0.016359581
-0.020958357
0.010629958
-0.018847443
0.0199029
0.044630747
0.017641207
0.014851785
0.004862641
0.010931517
-0.037091769
0.042519834
0.027894216
-0.041012038
0.015153344
-0.007953621
-0.003844879
0.056693114
-0.010328399
0.025330964
-0.008217486
0.020053681
0.017188869
-0.006521216
-0.002261693
0.02020446
0.011610026
-0.043424509
-0.026084863
0.017942766
0.004259523
-0.020053681
0.021410696
-0.054280639
0.006068876
-0.060010262
0.011308466
0.079611599
-0.009046772
-0.001715117
-0.040710479
-0.010554569
-0.015228734
0.025632523
-0.023672389
0.008368265
-0.002487862
0.022918491
0.033322282
0.03015591
0.0132686
-0.014248667
-0.040107362
-0.001168541
-0.003920268
-0.008895993
-0.009348332
0.010328399
0.020807579
-0.03407618
0.065438323
0.035131633
-0.018998224
0.016434971
-0.030306688
0.033925399
0.01651036
-0.056391552
0.028195776
-0.020506019
-0.038147226
-0.002845964
-0.00848135
-0.02985435
-0.006068876
0.011986975
0.037393328
0.04040892
0.060613375
-0.023220051
-0.012590093
0.005314979
0.045535427
0.006181962
-0.003750641
-0.019752121
0.034830078
0.019073613
-0.035433192
-0.031965267
0.102530092
-0.066644564
-0.031965267
0.049757253
-0.011911584
-0.008971383
-0.067549236
0.054280639
-0.02306927
0.003449082
-0.063025847
-0.037544105
0.021109138
-0.018772053
0.00987606
-0.000664372
0.059105586
-0.015681073
0.047043223
0.051868167
-0.005541148
-0.041615158
0.020958357
-0.006408131
0.025481742
-0.028195776
-0.044329185
0.043122951
-0.049757253
0.018470494
0.0199029
-0.032869942
-0.048551012
0.028346557
0.031211367
-0.013645549
0.015304124
-0.070866384
0.015907243
0.021712255
-0.025783302
0.041313596
-0.047344778
-0.009800671
-0.009122163
-0.015907243
-0.000848135
0.000239127
0.048852574
0.007689757
-0.00840596
0.0132686
0.001319321
-0.047344778
0.031211367
-0.014097888
-0.040710479
0.016585751
0.01002684
-0.018847443
-0.011760806
-0.015304124
-0.00435376
0.011610026
-0.005201895
-0.043424509
0.015228734
-0.006596605
-0.010931517
-0.045836981
-0.017942766
0.031362146
0.034679294
0.015681073
-0.011383857
-0.009649891
-0.02020446
-0.032869942
0.00501342
-0.033171501
0.006935859
0.018621275
0.023521611
-0.047646336
0.007124334
-0.022013815
-0.014173279
-0.0051642
0.00670969
0.038448785
-0.011157687
0.033623841
-0.038448785
-0.002996744
-0.023521611
-0.004693013
0.023672389
0.089261495
0.033774618
-0.019073613
0.01017762
0.033623841
-0.05759779
-0.015153344
-0.00840596
-0.013494769
-0.02020446
0.015153344
-0.014248667
-0.019299783
0.002619795
0.000805728
0.036337871
-0.050963484
0.006596605
0.004447997
-0.03724255
0.035885531
-0.01017762
0.001536067
-0.001875321
-0.009235247
0.048852574
0.046440102
0.011157687
-0.018545885
-0.056994669
0.014097888
-0.063930534
-0.011383857
-0.018395105
-0.011911584
-0.037845667
-0.011836194
-0.040107362
0.008443655
0.01357016
-0.012062364
-0.062121172
-0.025029404
0.019450562
-0.027743436
-0.042218275
0.004146438
-0.008556739
-0.028497335
-0.065739885
-0.021410696
0.020807579
-0.008066705
-0.025934083
0.058804024
0.03618709
0.039504241
0.036036313
-0.041313596
0.0051642
-0.011760806
0.009009078
0.017339647
0.039504241
-0.009272942
0.044329185
-0.009649891
-0.054280639
-0.007199724
0.012213144
-0.000923525
0.045535427
0.061518058
-0.044932306
-0.064835206
-0.040107362
0.021712255
-0.050058808
0.033774618
-0.048551012
0.005465758
0.019450562
-0.01357016
0.020656798
-0.02668798
-0.00354332
0.005993487
-0.031965267
-0.01681192
-0.010931517
-0.016208801
0.007576672
0.047043223
-0.056391552
-0.001149694
-0.004316065
0.005578843
0.01357016
-0.004749556
0.009348332
-0.020656798
0.019299783
-0.012439313
-0.063930534
-0.001978982
-0.038448785
0.057296228
-0.00840596
0.069358587
0.031663705
0.002233422
0.053375959
0.028949672
0.010554569
0.003807184
-0.002732879
0.054280639
0.028798895
0.014097888
0.018696664
0.047947899
0.027291099
-0.070564829
0.056089994
-0.014399447
-0.085039668
-0.019299783
-0.027894216
0.021863034
0.016133411
0.023672389
-0.095895797
-0.035583973
0.004768403
0.031965267
-0.039504241
-0.018168936
-0.032116044
-0.021259917
-0.034226958
0.047043223
-0.028648114
0.051566605
-0.029552793
0.032417603
0.009612196
0.050963484
0.042218275
-0.0040522
-0.000388729
-0.005729623
0.018621275
-0.029552793
0.03302072
-0.02668798
-0.055788431
0.011685415
0.043424509
0.014248667
-0.0132686
0.023672389
0.01357016
-0.009725281
-0.006445826
0.034980856
0.014550226
-0.011760806
0.004711861
-0.06031182
0.015907243
0.022616932
-0.00678508
-0.047043223
0.015153344
-0.031814486
0.048852574
0.062422734
-0.045535427
0.032719161
-0.025330964
-0.038901124
-0.060010262
0.055788431
-0.00265749
0.027140319
0.003581014
0.00501342
-0.072977304
0.042821392
0.002600947
-0.021410696
0.006370435
0.027291099
0.035131633
-0.059105586
-0.027291099
0.032719161
0.02035524
0.044329185
0.045836981
-0.025783302
0.028497335
0.036488652
0.00987606
0.033171501
-0.013193211
0.03618709
0.059407141
0.029100452
0.00995145
0.021259917
-0.041916713
0.04613854
-0.0066343
-0.008217486
-0.047043223
0.00817979
0.029251233
-0.028195776
-0.034830078
0.0265372
-0.001385287
-0.002073219
0.048852574
-0.003788336
0.025180185
0.020506019
-0.050058808
0.001667999
-0.007011249
0.001686846
-0.007802842
-0.021712255
-0.022164593
0.047947899
0.004598776
0.013796329
-0.02035524
-0.011685415
0.034377739
-0.018168936
-0.011986975
-0.037544105
0.002921354
0.014097888
-0.003166371
-0.035734754
-0.001997829
-0.036337871
-0.050661929
-0.030005131
-0.059105586
0.017415039
0.004598776
0.029100452
-0.017113479
0.009461417
-0.002412473
0.043122951
0.019752121
0.002770574
-0.025783302
0.00493803
-0.053375959
-0.012514702
0.010328399
-0.0051642
-0.045535427
-0.000664372
-0.012363924
-0.020656798
-0.05036037
0.01651036
-0.045836981
0.046741661
0.044630747
-0.044329185
0.00987606
-0.02337083
-0.00331715
-0.026989538
-0.053074401
0.005842708
0.044329185
-0.015454904
0.030759029
0.031512924
0.067850798
-0.044329185
0.003411387
0.032417603
-0.065438323
0.05247128
0.04040892
0.063025847
0.031060586
-0.053677522
-0.049154133
-0.006031182
0.030457469
-0.01341938
0.002186303
-0.001173253
-0.009122163
0.028497335
0.007802842
-0.09227708
0.060613375
0.011760806
0.094086446
0.002035524
-0.042218275
-0.0066343
-0.066946119
-0.056089994
0.073580422
0.043424509
-0.011308466
-0.051868167
-0.026386421
-0.035282414
0.006445826
0.03663943
-0.010780738
-0.032869942
0.040710479
-0.031814486
-0.016887309
-0.04402763
0.05759779
-0.005993487
0.035282414
0.068755478
-0.002600947
0.031663705
0.028949672
-0.021712255
-0.003335997
0.010253009
0.022164593
-0.042821392
-0.003675252
0.000556
0.0199029
0.05036037
-0.023823168
-0.007388198
-0.030909808
-0.036790211
-0.009386026
-0.02020446
0.01010223
0.03407618
0.010479178
-0.030759029
0.017490428
-0.017188869
0.060914937
-0.014248667
-0.009574501
0.000956508
0.081420958
-0.035734754
0.02035524
-0.00435376
0.028044997
-0.008368265
0.045836981
-0.013494769
0.026084863
0.03663943
0.024124729
0.022013815
-0.010856127
-0.023220051
-0.00995145
-0.002469015
-0.002845964
0.021259917
-0.007727452
-0.012288533
-0.003769489
-0.018922834
0.030457469
0.0169627
0.003279455
-0.034528516
-0.000245017
0.059105586
0.019299783
-0.054582197
0.001564338
0.039202683
0.033171501
-0.025632523
0.03407618
0.069057032
-0.00501342
0.008594435
-0.026838761
0.056089994
0.006219657
0.002044948
0.019224392
0.041313596
0.000725627
0.025330964
-0.003109828
0.03302072
-0.04040892
-0.002563252
0.037544105
0.01681192
-0.073278859
-0.030909808
-0.004579929
-0.005767317
0.004410302
0.015831852
-0.02020446
0.007237418
-0.0040522
-0.014851785
0.016887309
0.007840537
0.062121172
-0.047043223
0.022767713
0.025180185
0.059407141
-0.0199029
-0.025934083
-0.014173279
-0.017113479
-0.03724255
0.001149694
0.002902506
0.011006908
-0.017791986
0.02668798
0.024124729
0.006747385
-0.017188869
0.02020446
-0.07508821
-0.007011249
-0.015379515
0.011233076
0.02306927
-0.010705348
-0.045233864
0.01651036
0.015681073
-0.03015591
-0.0265372
-0.020506019
-0.002827117
0.067247681
-0.035433192
0.04402763
-0.012665482
0.036036313
0.035433192
-0.02306927
-0.005390369
0.00169627
-0.02337083
-0.014625616
0.055486873
-0.001573762
0.001649151
0.023823168
0.035734754
-0.020958357
0.021410696
-0.01017762
-0.014625616
0.041012038
0.033171501
0.022013815
-0.002450168
