voyage-4:24d1ee5ccfaa6e8bd0a69beaae9a394a5c962ada024f63cc8695d0c27167f4d6
0.038361002
-0.062213678
-0.033934731
-0.059262827
0.026434666
0.018319838
0.011926336
-0.007377116
-0.00213629
-0.039344616
0.001790487
-0.016475558
-0.045492213
-0.014385376
-0.007623019
-0.040082328
0.040574137
0.005225457
0.061721865
0.002904739
-0.01051239
-0.033934731
0.012233717
-0.027049424
0.008545158
-0.019303452
0.004641436
0.013217333
-0.015983751
0.020778876
0.002167028
0.031967502
0.017705077
-0.027664185
-0.011926336
0.019426404
-0.073771156
0.011065673
-0.032213405
0.030123223
0.00623981
-0.017705077
-0.034180634
-0.007868923
0.018196886
-0.030860933
0.014569804
0.02176249
-0.011311578
0.016721463
0.018688694
0.008114828
-0.014815707
0.009651726
-0.054344751
0.020164115
0.042541366
0.006516452
0.035901964
0.018196886
-0.032705214
0.034180634
-0.019180501
-0.017459173
0.007407853
-0.013647663
-0.012049289
-0.030369127
0.066885851
0.018934596
-0.00030738
0.016352607
-0.018811645
0.007868923
-0.017828029
0.02606581
0.034180634
-0.021639539
-0.034180634
-0.017950982
-0.028401896
-0.048197158
0.056557886
-0.078197427
0.022500202
0.015676372
-0.000466833
0.013524712
-0.04082004
0.011987813
-0.013032905
0.036393773
-0.001467739
0.02041002
0.039590519
0.0143239
-0.060984153
0.017090317
-0.012295192
-0.027787136
-0.047951251
0.013032905
-0.020041164
0.001398578
-0.025082193
0.005870955
-0.027910087
0.039836422
-0.003919093
-0.007991876
0.032705214
0.038606904
0.011434529
-0.033934731
-0.005840217
-0.047951251
0.014262423
-0.003888355
0.022746107
0.014815707
-0.043524981
-0.052377518
0.009774678
-0.023729723
-0.021393636
0.010573866
-0.03442654
0.049180768
-0.035410155
-0.009528775
0.011373053
0.017090317
0.033688828
0.015430466
0.010266487
-0.005071767
0.009036967
-0.023114963
-0.030246174
0.026926471
-0.018565742
-0.004518483
-0.01051239
0.019672308
-0.006270548
0.000368856
0.022869058
-0.01370914
-0.020041164
-0.01309438
0.019549357
-0.032951117
-0.024467435
-0.015184564
-0.07524658
0.038852807
-0.047213539
0.005502099
-0.065410428
0.06442681
-0.050902098
-0.026803521
0.048197158
-0.008237779
0.027172375
0.000687762
0.021516588
-0.05483656
0.019426404
0.048197158
0.011373053
-0.01905755
-0.005625051
0.00959025
0.031967502
0.015368992
-0.005932431
-0.0063935
0.034672443
-0.039098714
-0.032705214
-0.012172241
0.023852672
0.013032905
0.055328369
0.027049424
0.055820175
-0.017459173
-0.061475966
0.021270683
0.001314049
0.005963168
-0.072295733
-0.002044076
-0.022377251
-0.01721327
-0.015061611
0.002858632
-0.065410428
-0.013893568
-0.029877318
0.002182397
0.041065946
-0.001498477
0.037377387
-0.035656057
0.045738116
0.01721327
0.022131346
0.008668111
-0.019426404
-0.013032905
0.009528775
0.015553419
0.013647663
-0.023114963
-0.020287069
-0.08901719
0.02102478
-0.005686527
-0.041311849
-0.000445701
-0.008545158
-0.007377116
0.04082004
-0.037131485
-0.034180634
-0.038361002
-0.017582126
0.001237204
-0.012541097
-0.078197427
-0.013586188
0.034918346
-0.032459311
0.06123006
0.026803521
-0.063935004
0.03762329
0.026188759
0.030369127
-0.02348382
-0.001967231
-0.003796141
-0.004918077
0.015246038
0.002966215
-0.005041029
-0.033197019
0.013401761
0.031967502
-0.023360867
0.029139608
0.004979553
0.007653757
-0.013770616
0.001997969
0.003919093
0.014446851
-0.043524981
-0.021147732
-0.007623019
-0.013955044
0.076230198
-0.028770752
-0.024221528
0.027664185
-0.017705077
0.052131619
-0.050164387
0.01020501
-0.036393773
-0.019426404
-0.008545158
-0.023975626
0.051148001
-0.056803793
-0.013893568
-0.031721599
-0.026557615
0.024344482
0.003796141
-0.001052776
-0.029508462
-0.002197766
0.02741828
-0.024221528
0.004918077
-0.019180501
-0.014385376
-0.029754367
0.014631279
-0.048934869
-0.046721734
-0.018688694
-0.02176249
-0.05631198
0.014631279
-0.003273595
0.00095672
0.080656461
-0.061475966
0.01905755
0.069836691
-0.011434529
0.030123223
0.001344787
0.048934869
0.05803331
0.069836691
0.028893702
0.012541097
0.021147732
0.019426404
-0.025082193
0.005778741
0.001867332
0.013832092
-0.012233717
-0.02348382
0.050164387
-0.014200948
0.036147866
-0.00959025
0.006424238
0.019549357
-0.037131485
-0.052623425
0.071803927
-0.009344347
-0.056066081
0.021393636
-0.019303452
-0.043524981
0.006270548
0.008360731
-0.025696954
0.02176249
-0.061721865
-0.025819903
-0.065410428
0.049180768
0.023114963
0.015983751
0.055082463
0.022008395
-0.027787136
0.000964404
-0.020532973
-0.051393908
0.046721734
0.053852942
-0.008852539
-0.019180501
0.068361267
-0.057049692
0.017459173
0.016721463
0.018934596
-0.011680434
-0.029877318
0.020164115
-0.023114963
-0.029139608
-0.03442654
0.009774678
-0.006485714
-0.005317671
0.002920108
-0.05803331
-0.003627082
0.029139608
0.016106702
0.056557886
-0.010143534
-0.020287069
-0.056557886
-0.017950982
0.000363092
-0.030000271
0.004733649
-0.021885443
-0.038361002
0.010450915
-0.006332024
0.013770616
0.030369127
0.012602572
-0.011311578
-0.05631198
-0.053852942
-0.086558156
0.000810714
0.052131619
-0.052377518
0.043770887
-0.001183412
0.003089167
0.047213539
0.008545158
0.013955044
0.042541366
-0.011311578
0.004856601
0.029631414
0.007069736
-0.015491943
0.006639404
-0.048688963
0.001659851
0.024344482
0.012602572
-0.053361136
0.008606635
0.00018731
-0.061967772
0.015983751
0.053607043
0.03442654
0.026188759
-0.031106839
-0.006670142
-0.033197019
-0.011557481
-0.012725525
0.019549357
-0.035164252
0.000409199
0.065902233
-0.00244367
-0.005379147
0.035656057
-0.011188625
0.011803385
0.001997969
-0.030983886
0.026557615
0.013893568
0.006670142
0.037869193
-0.002874001
-0.029877318
0.02102478
-0.058279216
-0.045738116
0.022254298
0.007653757
-0.066394038
-0.023729723
0.022500202
0.002228504
0.015061611
-0.01309438
0.044754501
-0.002305349
0.023729723
-0.006209072
-0.015737846
-0.017828029
-0.000055472
0.007192688
0.014139472
-0.010696818
-0.044262692
0.049180768
-0.00700826
-0.026680568
-0.03762329
0.023729723
0.000806872
0.047459446
-0.005071767
0.018196886
-0.017336221
-0.033688828
0.057295598
0.050410289
-0.002966215
-0.027172375
0.009036967
-0.005440623
-0.038361002
0.00011959
0.021270683
-0.022746107
-0.066394038
-0.032705214
0.030492077
-0.021393636
0.002505146
0.031352744
0.006178334
0.017582126
-0.012110764
0.048443057
0.049426675
0.040574137
0.005163981
-0.016352607
-0.012295192
-0.059508733
-0.025082193
0.007592282
0.016967366
0.017582126
-0.002689573
0.039098714
-0.002827894
-0.012541097
-0.015737846
-0.039344616
0.033688828
0.001513846
0.041803658
-0.018319838
-0.039098714
0.023975626
-0.046967641
0.015123087
-0.026311712
-0.076230198
-0.022008395
-0.029631414
-0.050902098
0.030492077
0.00959025
-0.034672443
-0.034918346
-0.025328098
-0.031106839
0.005409885
0.02041002
-0.014754231
0.004518483
-0.026188759
0.095902503
-0.023237914
0.060738254
-0.005194719
-0.016352607
0.004733649
-0.011496006
0.004518483
0.050902098
0.032213405
0.021639539
0.014815707
-0.023729723
-0.034180634
-0.012848477
-0.001767434
-0.018688694
-0.005717264
0.011065673
-0.044754501
-0.018565742
0.020901829
0.039344616
-0.007038997
-0.066885851
-0.001045091
-0.020532973
-0.004487745
0.054590654
-0.002766418
-0.033442926
-0.006209072
-0.004241841
-0.011557481
0.016475558
-0.026926471
-0.002182397
-0.04082004
0.023729723
-0.035164252
-0.061475966
0.043524981
0.012356669
-0.02041002
-0.014938659
0.004733649
-0.021147732
0.014139472
-0.032459311
-0.021270683
-0.023114963
0.025205145
-0.019303452
-0.041803658
-0.027541231
0.008176303
0.032705214
-0.057787403
-0.030246174
-0.001437001
0.005655789
-0.058279216
0.033688828
0.055082463
0.020655924
-0.039344616
-0.02102478
0.018442789
0.034180634
-0.031106839
0.034672443
0.010881245
-0.038606904
0.013524712
-0.025574001
-0.021270683
0.004672173
0.048197158
-0.008176303
0.035410155
0.016106702
-0.02360677
-0.000868348
-0.011864861
0.003288964
-0.046721734
-0.026926471
0.005440623
-0.035164252
-0.021393636
-0.011680434
-0.032459311
-0.002843263
0.019303452
-0.012356669
-0.033442926
0.080656461
-0.011557481
0.037377387
0.022500202
0.034918346
-0.027049424
-0.019180501
0.027664185
0.003288964
0.057049692
0.039836422
0.011864861
-0.014877183
-0.035164252
-0.050164387
-0.01721327
-0.003826879
0.01020501
0.004948815
0.048934869
0.029385511
0.038606904
-0.018442789
0.04401679
0.023975626
0.044508595
-0.000008645
-0.045738116
0.081148274
0.063443199
-0.012787
-0.022746107
-0.034672443
-0.024221528
-0.057049692
0.034918346
-0.029262558
-0.075738385
0.012725525
0.028770752
-0.020532973
0.009528775
-0.02176249
-0.016475558
-0.000856821
-0.058525115
0.051393908
-0.030246174
-0.004764387
-0.01174191
0.026188759
-0.013032905
0.032459311
-0.040082328
-0.034180634
0.000472596
0.002182397
0.060492348
0.0079304
-0.019180501
-0.021639539
-0.004856601
-0.032459311
0.023237914
-0.017828029
0.046475828
-0.000455306
-0.036639675
0.004825863
0.060984153
0.026434666
0.005686527
-0.033442926
0.042787272
0.003734665
0.017582126
-0.008483683
-0.051885713
-0.00989763
-0.026926471
-0.057295598
0.018811645
0.019795259
0.029016655
-0.023852672
-0.011864861
-0.002996953
-0.002090183
0.030123223
-0.033688828
0.040328231
-0.013586188
-0.025942856
0.017705077
0.057049692
-0.003995938
-0.010450915
0.007500068
-0.036147866
0.044508595
0.012725525
-0.008791063
-0.004610697
0.011188625
0.05803331
0.024221528
-0.032459311
-0.042295463
-0.011496006
-0.014446851
-0.035164252
-0.010942722
-0.00182891
-0.014877183
-0.032459311
-0.0063935
0.029139608
0.015737846
0.041311849
0.09541069
-0.020778876
0.021516588
-0.018196886
-0.036639675
0.019795259
0.004211104
0.020655924
-0.000123912
-0.01174191
0.037869193
0.017582126
-0.020778876
-0.022623155
0.025819903
-0.043279078
0.005041029
0.020778876
0.008668111
-0.009836154
-0.035410155
0.007100474
-0.002704942
0.006362762
-0.074754775
-0.023114963
-0.003427285
0.035410155
0.045492213
0.010819769
0.018811645
0.03762329
0.074262969
0.024344482
0.03442654
0.048934869
-0.023360867
0.042541366
-0.034180634
-0.04401679
-0.006639404
-0.040082328
-0.033934731
-0.004026676
0.008053351
-0.047459446
0.039098714
0.035164252
0.033934731
0.054344751
-0.003150643
0.060000543
0.0158608
0.009221395
0.018073933
0.007868923
-0.059262827
-0.088525385
-0.004026676
-0.003227488
-0.025574001
-0.051639806
0.025942856
0.015307515
-0.001921124
-0.000407278
-0.034672443
0.017582126
-0.001398578
0.013832092
0.006608666
-0.027049424
-0.007069736
0.003688558
-0.020901829
0.042295463
-0.019426404
-0.077705614
-0.004610697
0.073279351
0.015430466
-0.055328369
-0.024713337
-0.013832092
-0.01370914
0.018811645
0.002412932
0.033197019
-0.002090183
-0.039590519
-0.024959242
0.012479621
0.003227488
0.015184564
0.021270683
0.033442926
-0.050902098
0.035901964
0.016475558
-0.047213539
0.024590384
0.05803331
-0.016967366
-0.003396547
0.003796141
0.024959242
-0.023852672
-0.023729723
0.041065946
0.020164115
0.02815599
-0.011250101
-0.011311578
-0.038852807
-0.019918211
-0.001329418
0.066394038
-0.035656057
0.006639404
0.031229788
0.039836422
-0.002182397
0.01370914
-0.016967366
-0.011250101
0.055820175
-0.015491943
0.029754367
0.01905755
-0.057787403
0.031967502
0.073771156
0.060246445
-0.021639539
-0.043033175
0.031967502
-0.013155856
0.009774678
-0.027664185
-0.030983886
0.010635342
0.020778876
-0.003288964
-0.053852942
0.010082058
0.009774678
0.020901829
-0.00106046
-0.024590384
-0.028770752
-0.05483656
0.02102478
-0.015983751
-0.034918346
0.034180634
-0.007561543
-0.02606581
-0.006639404
-0.020041164
0.031721599
0.043033175
-0.036885578
-0.017336221
0.0019826
0.00053023
-0.013401761
-0.026557615
-0.035656057
0.007868923
0.016229656
0.019549357
0.051885713
0.073771156
0.021516588
-0.01905755
-0.062951386
-0.0158608
-0.024344482
0.055328369
-0.019549357
0.01659851
0.037869193
0.039344616
-0.040328231
-0.029385511
-0.032705214
0.027541231
-0.063443199
0.030369127
0.013586188
-0.002274611
-0.019180501
0.001014353
0.06885308
0.01905755
0.017828029
0.013832092
-0.016721463
0.043524981
0.0143239
-0.000183467
-0.014262423
-0.013463235
0.026557615
-0.000368856
0.00350413
-0.021885443
0.000822241
0.010942722
-0.017705077
-0.017950982
-0.01309438
0.000706974
0.060000543
0.00959025
0.00670088
0.015307515
-0.016844414
0.024959242
-0.022377251
-0.014139472
0.017459173
-0.012172241
-0.034672443
-0.001037407
0.014200948
-0.040082328
0.005840217
-0.009221395
0.041803658
-0.025942856
0.004180366
0.014754231
0.057787403
0.023975626
0.000434174
0.001529215
-0.001398578
0.024836289
-0.060738254
0.033688828
0.005071767
0.016475558
-0.008668111
-0.00959025
0.023975626
-0.071312115
0.014815707
0.032459311
-0.063443199
-0.031106839
-0.02041002
0.067377657
-0.025574001
0.047213539
0.02741828
-0.005163981
-0.003304333
0.001544584
0.036639675
-0.088525385
0.000134479
-0.04082004
-0.001352471
0.004948815
0.00685457
-0.031229788
0.030492077
0.048934869
-0.001836594
-0.036639675
-0.046229925
-0.035901964
0.003335071
