voyage-4:4564626d3702581dffa86cf581d3b2aefc5c486a43481324b67843fb60010233
0.021172222
-0.01165138
-0.015845876
0.012916387
-0.013182705
0.005625953
-0.017976416
0.032890186
-0.013049546
0.005958849
0.018775368
-0.02450119
-0.023169603
-0.009920319
-0.001314942
0.032357547
0.02050643
0.015979037
0.0508666
-0.012050857
-0.007123987
-0.044208664
-0.023169603
-0.019707479
-0.021172222
0.011451643
0.015246663
-0.001314942
-0.017576938
0.039414957
-0.001581259
0.021039065
-0.063383505
0.003695152
0.0014481
0.047138158
-0.034887563
0.038616005
-0.038349688
0.040213909
0.02250381
-0.056725577
-0.012050857
0.021704856
-0.017976416
-0.003478769
0.009654001
-0.007423594
-0.029694377
0.020772748
0.026498567
-0.024767507
-0.006391614
0.029428059
-0.043942351
-0.016045615
-0.002713107
0.004194497
0.034354929
0.043942351
-0.019441159
0.046871841
-0.016844567
-0.011917698
-0.007323725
0.001864221
0.006258456
-0.025965935
0.041811813
0.032890186
0.015446401
-0.00582569
0.002879555
-0.008056098
0.030227009
-0.00778978
-0.030759644
-0.025965935
-0.016378513
-0.030227009
-0.007590042
-0.06657932
0.030892802
-0.032490708
0.007689911
0.00141481
-0.043143399
-0.004960159
-0.027164362
0.027563838
0.004627262
-0.012849809
-0.002280342
0.005759111
-0.013249284
0.006358325
-0.026365411
-0.001464745
0.002796331
-0.057524532
-0.059655067
0.016977726
0.002063959
0.067910902
-0.045273934
0.00341219
0.003295676
0.00978716
-0.005958849
0.005958849
0.01178454
0.032357547
-0.015046926
-0.005026739
0.027830156
-0.015313243
-0.008322415
-0.02330276
-0.018908527
0.033156499
0.001664483
-0.041545495
0.027830156
-0.030493326
-0.027164362
0.001073592
-0.0254333
0.050067648
-0.055127677
-0.017976416
0.064448781
0.070840396
0.00682438
0.026898045
0.006291745
-0.019174844
-0.008721891
0.002829621
-0.03914864
0.048736062
-0.027031202
-0.006092008
-0.003245742
0.018642209
-0.008022808
-0.012982967
-0.013182705
0.009986898
0.014514292
0.016178774
0.02450119
-0.0508666
-0.025166981
-0.03621915
-0.038349688
0.049002379
-0.020240111
-0.018775368
-0.047404476
0.031691752
-0.043676034
-0.035686515
0.017310623
0.007057408
0.015446401
0.035686515
0.036751784
-0.026099091
-0.003561994
0.034621246
0.01557956
-0.027031202
-0.010652691
0.01258349
0.015845876
0.012050857
0.005725821
-0.006791091
0.048736062
-0.0508666
-0.049002379
0.012250595
-0.001439778
-0.012250595
0.034887563
0.039947592
0.035952833
-0.03621915
-0.070307754
-0.013781919
0.000865531
-0.017443782
-0.03328966
-0.039414957
-0.01258349
-0.017177464
-0.019308003
0.027031202
-0.054861356
-0.002879555
-0.042344444
-0.007490173
0.04074654
0.016045615
0.016911147
-0.049535014
0.006791091
0.007456883
0.066845633
0.010519532
-0.011052166
-0.023835396
-0.055660311
0.013116126
-0.002363566
-0.025699617
-0.006957539
-0.035153877
0.033156499
-0.000607536
-0.043409713
0.041279178
0.000144602
-0.001564614
-0.013648761
-0.018509049
-0.042877082
-0.098537393
-0.029028583
0.04500762
-0.023036443
0.001331586
0.000289204
0.048203427
0.028895423
0.025832774
0.005459504
-0.05539399
0.034088612
0.026365411
-0.026232252
-0.02050643
0.023036443
-0.031958073
-0.00027464
-0.045806572
-0.021704856
-0.02250381
0.014314553
0.016711408
0.026631728
0.00124004
0.036485467
0.023036443
-0.014980347
-0.050067648
0.013182705
0.010452953
0.043143399
0.026232252
-0.004527394
-0.025566457
-0.029694377
0.054861356
-0.005559373
-0.006624642
0.017044306
-0.034088612
0.041279178
-0.056991898
0.00585898
-0.027297521
-0.005093317
-0.007490173
-0.027031202
0.076166742
-0.032490708
0.046072885
0.004760421
-0.019174844
0.06657932
0.031292278
-0.00492687
0.013249284
-0.030093852
-0.017044306
-0.048736062
0.027430678
-0.0215717
-0.006258456
-0.012383753
-0.020772748
-0.044208664
-0.018642209
0.000561763
-0.033689134
-0.049002379
-0.007723201
-0.026898045
0.024101714
0.088949971
-0.048203427
-0.01557956
0.014580871
0.008588732
0.025566457
-0.005259766
0.049801327
0.004327656
0.049002379
0.000212222
-0.000318332
0.002763042
0.034354929
-0.037284419
0.027430678
-0.019441159
0.02330276
0.013249284
-0.017044306
0.017443782
-0.026099091
-0.014580871
-0.024900664
-0.000029909
0.050067648
-0.048736062
-0.067111954
0.066312999
0.002113893
-0.097472124
0.003428835
-0.020240111
-0.068709858
0.04660552
-0.003012714
-0.017310623
-0.022903286
-0.049801327
-0.062850878
-0.057790846
0.055127677
0.053529769
0.010253215
0.050333962
0.039681274
0.012516912
0.018109575
0.003545349
-0.037284419
0.027563838
0.061252974
-0.019308003
0.014514292
0.000424443
-0.043942351
0.017976416
-0.042344444
0.024634348
-0.002080604
0.002729752
0.03621915
0.033555977
-0.025566457
-0.006624642
0.016977726
-0.010386374
0.024900664
0.031824913
-0.048469741
-0.015113505
0.016777989
0.017976416
0.019041685
-0.006325035
-0.005459504
0.025300141
-0.028762266
0.011518221
-0.029161742
0.031025963
0.015379822
-0.029161742
0.026631728
-0.002263697
0.019308003
0.02237065
0.015446401
0.018375892
-0.013582181
0.021704856
-0.052198183
-0.004660552
0.037018098
-0.026099091
0.034088612
-0.006724511
-0.001597904
0.057258211
0.020772748
-0.009121367
-0.025300141
0.003728442
-0.013382442
0.013315864
0.035420198
-0.013981656
0.001805964
-0.028096473
0.023569079
0.038083371
0.044741299
-0.070840396
0.004094628
0.028762266
-0.053263456
0.027297521
0.010919008
-0.004993449
0.015845876
-0.052464504
0.045273934
-0.020639589
-0.056725577
0.002513369
-0.03328966
0.004394235
-0.026232252
0.088949971
-0.009454263
-0.034088612
0.050600283
0.005725821
-0.024368031
0.050067648
-0.021305382
-0.025832774
-0.010053477
-0.024368031
0.046871841
-0.025699617
-0.033689134
0.023036443
-0.036751784
-0.059921388
-0.023968553
0.037018098
-0.082025722
-0.0508666
0.005426214
0.002912845
0.017443782
-0.052730821
0.016977726
-0.032224391
-0.007556752
-0.017177464
-0.025166981
0.001814286
-0.008855049
-0.026099091
0.054328725
0.017976416
-0.055660311
0.060986653
0.01258349
0.00392818
-0.052997135
0.032623868
-0.013116126
0.017177464
0.014980347
-0.030759644
-0.01957432
-0.021305382
0.021838017
0.027963312
-0.004094628
-0.049801327
-0.049268696
-0.019707479
-0.015113505
0.002912845
0.000320413
0.024634348
-0.054328725
-0.0254333
0.027430678
-0.019707479
-0.04660552
0.044741299
-0.014247974
0.023702238
0.019174844
0.030093852
0.045806572
0.017576938
0.009387684
0.010852428
-0.026498567
0.015313243
-0.012916387
-0.02330276
0.008522153
0.006092008
-0.027297521
0.008522153
-0.008988208
0.002330276
0.015379822
-0.027297521
-0.015779298
0.036485467
0.039414957
-0.057524532
-0.004294366
0.006358325
-0.013915078
0.018908527
0.012516912
-0.017310623
-0.027031202
-0.023702238
-0.02330276
-0.00248008
-0.02330276
-0.015446401
-0.036485467
-0.005792401
-0.02237065
0.016311934
0.023169603
-0.002746397
0.014447711
-0.002679818
0.055127677
-0.044474985
0.045806572
-0.0254333
-0.01165138
0.028096473
-0.028362788
0.013915078
0.070307754
0.031958073
0.013382442
0.044741299
0.03621915
-0.026365411
-0.003528704
0.036751784
-0.026764885
-0.020106955
0.01657825
-0.004011404
-0.021305382
0.021438541
0.016178774
0.044741299
-0.062318239
0.02343592
-0.035686515
-0.023835396
0.021438541
-0.00196409
-0.037550736
-0.00778978
0.020772748
-0.02423487
0.004960159
-0.006724511
0.004727132
-0.047138158
0.047670793
-0.02330276
-0.043942351
0.028229631
-0.006191877
-0.015046926
0.026232252
-0.022104332
-0.014114816
0.025300141
-0.011584802
-0.02450119
-0.038349688
-0.009187946
-0.000301688
-0.074568838
-0.002005702
0.006657932
0.012317174
-0.059122432
-0.010319795
0.013382442
-0.018242734
-0.052198183
0.017443782
0.061519288
0.043676034
0.002862911
-0.036485467
-0.031292278
0.033422817
-0.025566457
0.027164362
0.043676034
-0.004360945
0.049002379
-0.015180085
0.013116126
-0.015779298
0.017976416
0.027563838
0.069242492
0.00168945
-0.004294366
-0.027830156
-0.017976416
-0.002113893
-0.068709858
-0.037550736
0.009853739
-0.017443782
-0.000495184
0.013781919
-0.02450119
-0.029161742
0.021971175
0.019840637
0.011318483
0.052730821
-0.034621246
-0.021438541
0.017443782
0.022903286
-0.005725821
-0.005659242
-0.023036443
-0.007024118
0.012916387
0.02330276
-0.022903286
-0.039681274
-0.02237065
-0.019308003
-0.026498567
-0.011185325
0.035420198
0.049002379
0.008788469
0.025033824
0.021704856
0.019840637
0.068177223
0.042877082
0.031425439
-0.003162518
-0.036751784
0.07829728
0.03621915
-0.014913767
-0.006424904
-0.049535014
0.01071927
-0.019041685
0.043409713
-0.002363566
-0.059655067
-0.03914864
0.009654001
0.002313631
0.008388994
-0.03621915
-0.019308003
-0.021438541
-0.051665548
0.076166742
0.000545118
0.031558596
0.008921629
0.002546659
-0.031824913
0.000337058
-0.006558063
-0.000405718
-0.003944824
0.018242734
0.027164362
0.023569079
0.021971175
0.000803113
0.031958073
-0.030626487
-0.023835396
-0.015446401
0.061785605
-0.048203427
-0.019707479
0.01071927
0.055127677
0.040213909
-0.037284419
0.008355704
0.023569079
-0.017443782
-0.037817053
0.000982045
-0.02330276
-0.036751784
-0.002296987
-0.003528704
-0.013116126
0.015712719
0.001880866
-0.032224391
0.032623868
-0.034887563
0.023968553
0.066845633
-0.029161742
0.077764638
-0.019707479
-0.042344444
-0.020905906
0.013582181
-0.022237493
0.019174844
-0.019973796
-0.013915078
-0.032490708
0.05379609
0.023968553
-0.042344444
-0.002055637
0.033555977
0.040213909
-0.028096473
0.001231717
-0.008855049
0.000753179
-0.011385064
0.016445093
-0.03115912
0.059388753
-0.031025963
0.014048236
0.042610765
0.053263456
0.059388753
0.063117191
0.008255836
-0.004194497
-0.031958073
-0.041811813
0.031292278
-0.019174844
0.033955451
-0.051132914
0.016378513
0.058057167
0.041279178
-0.012849809
-0.000711566
0.013648761
-0.036485467
-0.006558063
0.015113505
0.004227787
-0.042877082
-0.040480223
0.020106955
-0.029028583
-0.005958849
-0.056459263
0.009387684
0.019707479
0.044741299
0.046072885
-0.003145873
0.011584802
-0.009520843
0.058057167
0.005226477
0.023036443
0.028229631
-0.005725821
0.019840637
0.016711408
-0.041012861
-0.019174844
-0.067910902
-0.034621246
-0.054595042
0.005692532
-0.003595283
0.047937106
0.033156499
0.029694377
0.035420198
-0.018642209
0.033023342
0.00689096
0.00978716
0.033555977
0.015446401
-0.052198183
-0.080960445
-0.018242734
0.023835396
-0.018375892
-0.027963312
0.010186635
0.00082808
-0.005459504
0.017576938
-0.047937106
-0.00492687
-0.034887563
0.012982967
0.006458194
-0.027963312
-0.00682438
-0.008089387
-0.031292278
0.000002178
0.062051926
-0.045273934
-0.034354929
0.019041685
-0.016711408
-0.061252974
-0.012450332
0.013715339
-0.013981656
-0.028096473
0.000466055
0.030759644
0.013049546
-0.061785605
-0.019973796
-0.00492687
0.057524532
0.053529769
0.026631728
-0.009454263
0.005725821
0.03036017
0.023569079
-0.054062404
0.011318483
0.010386374
0.035686515
0.016245354
-0.008189256
0.047404476
0.009321105
-0.037284419
0.047670793
0.004294366
0.004394235
-0.030892802
-0.020240111
-0.035952833
-0.058057167
0.007756491
0.051665548
-0.033822294
0.012849809
0.006025428
0.024767507
-0.025965935
0.066312999
-0.025699617
0.015246663
0.063117191
-0.002105571
0.008655312
0.012050857
-0.060454018
0.002380211
0.08415626
0.059655067
-0.023036443
-0.051132914
0.059388753
-0.03209123
0.059921388
-0.018109575
-0.011185325
-0.029028583
-0.008322415
-0.055660311
-0.033822294
-0.022237493
-0.006058718
-0.005060028
0.023169603
-0.022903286
-0.034354929
-0.016844567
0.03115912
0.007223856
0.022237493
0.050333962
-0.042344444
-0.005359635
0.020639589
-0.021039065
0.012450332
0.051931869
-0.021971175
-0.025300141
0.004793711
0.024634348
-0.003279031
-0.043409713
-0.031558596
0.003528704
0.033023342
0.010919008
0.04074654
0.018109575
0.00582569
-0.010652691
-0.037550736
-0.010985588
-0.015113505
0.022770127
0.057258211
-0.002280342
0.065780371
0.039947592
-0.038882319
-0.034621246
0.004827001
0.007590042
-0.082558356
0.054062404
0.057524532
0.032357547
-0.020106955
0.008422283
0.091613144
0.057258211
0.012117435
-0.014780608
0.00165616
0.020106955
-0.027696995
-0.003595283
-0.007423594
-0.030892802
0.051399235
0.006291745
-0.005026739
-0.033822294
-0.031025963
0.030759644
-0.039947592
0.00392818
-0.006990828
-0.001939123
0.026764885
-0.005060028
-0.013249284
0.023036443
-0.013449023
0.029161742
-0.008022808
0.00341219
-0.004244431
0.028229631
-0.063649826
-0.047138158
0.013648761
-0.024368031
0.003528704
-0.026498567
0.074036196
-0.010120056
0.028495949
0.041545495
0.045273934
0.04074654
-0.033822294
-0.015646139
-0.057258211
-0.005692532
-0.019840637
0.026232252
0.042877082
0.033023342
-0.000314171
-0.003994759
0.003079294
-0.104929008
0.011451643
0.019041685
-0.013382442
0.003595283
-0.012250595
0.032757025
-0.005093317
0.049801327
0.012849809
-0.005359635
-0.00486029
-0.019441159
-0.014514292
-0.06418246
-0.0033789
0.01957432
0.017976416
-0.015646139
0.016245354
0.006491484
0.017443782
0.018242734
0.03209123
-0.000582569
-0.050067648
-0.000224705
-0.00585898
