voyage-4:9bc6d7125d1b9f07fb5664b13df51a07c325510f364095b5dfd3d3074c776cc7
0.004506963
0.005914276
-0.008835784
0.009619604
0.000378549
0.005059199
-0.001425126
0.013039907
0.0174578
0.028360019
0.011329755
-0.030782733
-0.031210272
-0.010973475
-0.032492884
0.043323848
0.036055703
-0.019951772
0.062135518
-0.00990463
-0.021519411
-0.033347961
-0.049879428
-0.016460212
-0.029642632
0.034630574
0.01453629
0.004079425
-0.044748969
-0.013253677
-0.008942669
-0.003562816
-0.060140342
-0.038478415
-0.020236796
0.007339402
-0.088357851
0.042753797
-0.032635398
0.05757511
0.011686038
-0.064985767
-0.037338313
0.01667398
-0.040758617
-0.006947492
0.00794508
-0.024512175
-0.036198214
-0.012469857
0.025937302
0.008087593
-0.039048467
-0.005843019
-0.019951772
0.000031592
-0.030355193
-0.020806847
0.033775497
0.079237036
-0.035343137
0.03163781
-0.012897395
0.005059199
0.011686038
0.005486737
0.02422715
-0.0438939
0.061280441
0.019381721
0.019381721
-0.004400078
0.00016144
-0.029215094
0.017244032
-0.019666746
0.014251266
-0.035200626
-0.031352784
-0.042468771
-0.030497707
0.003954726
-0.002600856
-0.033490475
0.027789967
-0.001532011
-0.02522474
0.001915014
-0.019381721
0.013681214
-0.01532011
-0.032920424
-0.024369663
0.00198627
-0.00015142
0.025367253
-0.032207858
-0.019809259
0.015890161
-0.04189872
-0.068406075
0.001015403
-0.005272968
0.022802023
-0.025937302
0.057005063
-0.033347961
-0.023229564
-0.056720037
0.002885881
0.055009883
0.014607547
0.038478415
-0.045604046
0.021376899
-0.025937302
-0.012754882
-0.05757511
-0.015106342
0.004097239
-0.009762117
-0.055579934
0.009263322
-0.018027851
-0.019381721
0.021091873
-0.012826138
0.021661924
-0.027219916
-0.00794508
0.051589578
0.024084637
-0.004631661
0.014108753
-0.031922836
-0.013681214
0.019951772
-0.049594402
-0.028074993
0.060140342
-0.000311746
-0.00990463
-0.031780321
0.026079815
0.021376899
-0.010332167
-0.012113575
-0.042183746
0.01339619
0.03819339
0.007090005
-0.058715213
-0.017244032
-0.019239208
-0.045033995
0.051874604
0.019381721
-0.013467446
0.01047468
0.027789967
-0.015106342
-0.037338313
-0.011757295
0.005059199
0.006804979
-0.014892573
0.04189872
-0.023229564
-0.009975886
0.035058115
0.028360019
-0.005593621
-0.003847842
0.019524233
-0.006377441
-0.018099107
0.039903544
0.00969086
0.044178925
-0.007980709
-0.030782733
0.002957138
0.025937302
0.00794508
0.004204123
0.022089463
0.045033995
-0.001612174
-0.039333493
0.010830962
0.00038523
0.01532011
-0.060140342
0.004293194
-0.006555582
-0.038763441
-0.045319021
0.018384133
-0.068691097
0.037053287
-0.030070171
-0.00794508
0.000730377
-0.015605136
-0.002039712
-0.02522474
-0.001647803
0.022089463
0.079807088
-0.001389498
-0.027647454
-0.03163781
-0.048739325
0.020806847
-0.004506963
-0.024512175
-0.045604046
-0.034488063
-0.002173318
0.012541113
0.001576546
0.008479503
0.009833373
0.02522474
-0.020094283
-0.02094936
-0.011258499
-0.072681457
-0.015391367
0.000984228
0.006698095
-0.004239751
-0.034203038
0.052444655
0.003206535
0.013111164
-0.005557993
-0.088927887
0.029215094
0.039903544
0.017885339
-0.011828551
-0.001719059
-0.039618518
-0.029215094
-0.044178925
-0.001558732
-0.0174578
-0.022231972
0.037908364
-0.004881058
0.017244032
0.057290088
-0.008372619
-0.001442941
-0.040473592
0.011401012
0.004916687
0.056435011
0.019096695
0.028360019
-0.026079815
0.002743369
0.052729681
-0.017315287
-0.041043643
0.012541113
-0.025082227
0.010260911
-0.068121046
0.015177596
0.004916687
-0.017315287
-0.045319021
0.000478753
0.031210272
-0.035343137
-0.001469662
-0.005451109
0.017101519
0.030925246
-0.009762117
-0.010902219
0.005379853
0.013894984
0.013681214
-0.060710385
0.046459127
0.002271296
-0.020379309
0.016032673
-0.048739325
-0.034630574
-0.034773089
0.019951772
-0.007410658
-0.038478415
-0.012968651
-0.009334578
0.003687515
0.082087286
-0.075246677
-0.010189654
0.036198214
0.011614782
0.000040638
0.019809259
0.039048467
-0.002939324
0.058715213
0.025367253
-0.021519411
0.029500119
0.051019527
0.006270557
0.017529057
-0.019666746
-0.034630574
0.006341813
-0.033775497
0.029927658
0.008586387
0.064130694
-0.021661924
-0.012968651
0.021091873
-0.012826138
-0.072681457
0.031780321
-0.006341813
-0.062990591
0.004524777
-0.006056787
-0.064700745
0.027789967
0.02793248
-0.037053287
0.001166822
-0.057005063
-0.009833373
-0.037338313
-0.003295605
0.065840848
0.004667289
0.016959006
0.040473592
-0.002021898
-0.004382264
0.010973475
-0.013253677
0.026222328
0.023514589
-0.041328669
-0.006092416
0.011614782
-0.034773089
0.037908364
-0.061850492
-0.00815885
-0.044463944
-0.019096695
0.032207858
0.03064022
-0.03819339
-0.029642632
0.028502531
-0.016745238
0.054439832
0.005914276
-0.064700745
-0.017814081
0.031067759
0.044463944
0.053584758
0.013324933
0.008194477
0.034060523
0.007125633
-0.004115053
-0.015890161
-0.017244032
0.027219916
-0.054439832
0.003990354
0.001282614
-0.033918012
0.021376899
0.002511785
0.008230106
-0.019381721
-0.018811669
-0.014892573
0.044748969
0.020806847
-0.014892573
0.009049553
-0.010830962
0.006056787
0.0438939
0.058430187
0.038478415
-0.011401012
0.027362429
0.012398601
0.045319021
0.032920424
-0.007980709
0.015676392
-0.032065347
-0.00292151
-0.012184831
0.065555818
-0.025652276
0.037908364
0.003455932
-0.018669156
0.034203038
-0.035058115
0.01453629
-0.008087593
-0.037623338
0.022089463
0.002182225
-0.067265972
-0.025367253
-0.023087051
-0.021519411
-0.008835784
0.065555818
0.019666746
-0.034630574
0.018669156
-0.02265951
-0.062135518
0.051874604
-0.029215094
-0.030497707
0.0484543
-0.028074993
0.026222328
-0.026649866
-0.026079815
0.011115986
-0.010189654
-0.018669156
0.015818905
0.041043643
-0.034060523
-0.011686038
0.059855316
-0.043038823
-0.010403424
-0.02265951
0.045604046
-0.003117464
-0.012256088
0.016246442
-0.016032673
-0.014821316
-0.007268145
-0.011828551
0.026079815
0.022089463
-0.047314204
0.079237036
0.03064022
0.024369663
-0.060995415
0.066410899
-0.016959006
-0.006341813
-0.007980709
-0.008016337
-0.029785145
0.002885881
0.046744153
0.011472268
0.024797201
0.000748191
-0.037908364
-0.010973475
0.000248284
0.017529057
-0.01824162
0.028360019
-0.053584758
0.011329755
0.020806847
-0.039333493
-0.057860136
0.050734505
-0.024939714
-0.023372076
0.021804437
-0.007303773
0.032635398
0.02194695
-0.012327344
-0.011329755
0.018099107
-0.017956594
0.041043643
-0.028074993
0.018954182
0.028645044
0.002387087
0.015035085
0.007553171
0.017172774
0.020806847
-0.01532011
-0.02422715
0.002725555
-0.000730377
-0.05215963
0.01047468
-0.008051964
-0.029927658
0.017244032
0.004132867
-0.034773089
-0.035058115
-0.048739325
-0.018384133
0.011472268
-0.004560405
-0.016816493
-0.059000239
0.008123221
-0.050734505
0.013752471
-0.009334578
0.004881058
0.012683626
-0.019809259
0.037908364
0.000300613
0.079807088
-0.023657102
-0.01475006
0.047029179
-0.014892573
0.054154806
0.03819339
0.00698312
0.010759706
0.039903544
-0.003081836
-0.049879428
-0.006840607
0.011329755
-0.049594402
-0.00698312
-0.03320545
-0.020521821
0.026222328
0.011329755
0.021376899
0.007090005
-0.0877878
0.027789967
-0.026507353
-0.029500119
0.0349156
0.023087051
-0.036768265
-0.0061993
0.006021159
-0.005878647
0.017030261
-0.021234386
-0.002939324
-0.033918012
0.017101519
-0.023657102
-0.025367253
0.014963829
0.035343137
-0.026792379
0.052444655
-0.045604046
-0.021661924
0.006840607
-0.019951772
-0.010902219
-0.040758617
0.034773089
0.00292151
-0.056149986
0.001906107
0.010118398
0.035913188
-0.017671568
-0.019951772
-0.006448697
-0.017529057
-0.047884248
0.010189654
0.019951772
0.066980951
-0.016317699
-0.01475006
-0.021091873
0.025937302
-0.039048467
0.016959006
0.026649866
-0.035343137
0.018954182
0.009263322
-0.025082227
0.017529057
0.005486737
-0.027504941
0.043323848
0.015462623
0.004774174
-0.039333493
0.006484326
0.010189654
-0.054154806
-0.035200626
-0.032777909
-0.00737503
-0.034773089
-0.023087051
-0.031495295
-0.042468771
0.003206535
0.036340728
-0.03163781
0.044463944
-0.093488306
-0.012256088
0.018384133
-0.009049553
-0.003473746
0.027504941
-0.001184636
0.000717017
0.006306185
0.017101519
-0.027077403
-0.059285264
-0.022374485
-0.025652276
-0.045033995
-0.017386544
-0.012968651
0.017529057
0.001389498
-0.018954182
0.028217506
0.015391367
0.078666985
-0.009619604
0.035913188
0.014892573
0.003277791
0.050164454
0.031067759
0.011115986
-0.027789967
-0.03064022
0.010545936
-0.087217748
0.007303773
0.022374485
-0.057860136
-0.05957029
-0.003028394
-0.0174578
-0.012327344
-0.032207858
-0.032065347
-0.065555818
-0.079237036
0.06612587
-0.013609958
0.022516998
-0.015961418
0.010830962
-0.024797201
-0.023657102
-0.035343137
-0.034773089
-0.007731311
-0.000085174
-0.002547414
0.005308596
0.043323848
0.00737503
0.042468771
-0.053299733
-0.01824162
-0.017315287
0.052444655
-0.00990463
-0.009833373
0.020094283
0.065270796
0.041613694
-0.034060523
0.006698095
0.030212684
-0.001193543
0.008978297
0.035200626
-0.017885339
-0.056149986
-0.013111164
-0.03320545
-0.015462623
0.045889072
0.018526644
-0.007268145
0.012826138
-0.044748969
-0.016816493
0.057290088
-0.033632986
0.020094283
-0.00054333
-0.05757511
-0.015462623
0.036483239
0.019951772
0.011757295
-0.008408247
-0.015890161
-0.009762117
0.003509374
0.002885881
-0.040758617
0.011472268
0.045604046
0.039903544
-0.042753797
0.022374485
0.035628162
0.012968651
-0.037053287
0.015747648
-0.048739325
0.015890161
-0.008123221
0.007660055
0.01396624
0.043608874
0.035343137
0.03320545
-0.011187242
-0.011543525
-0.033347961
-0.045033995
0.027362429
-0.015391367
0.071541354
-0.034345549
0.043608874
0.028645044
-0.007802568
-0.003349047
-0.017315287
0.043608874
-0.031352784
-0.019524233
0.018384133
0.012968651
-0.017315287
-0.043323848
0.002217853
-0.047599223
-0.011472268
-0.034773089
-0.017101519
0.042468771
0.028502531
0.013681214
-0.056435011
0.007553171
0.060710385
0.04189872
-0.015106342
0.001019856
0.039333493
-0.039903544
0.033062935
0.016959006
-0.053299733
0.012541113
-0.066980951
-0.000416404
-0.055579934
0.029642632
-0.005807391
0.023657102
0.017386544
0.026792379
0.008835784
0.036198214
0.032350373
0.012042318
0.007660055
0.016246442
0.024512175
-0.093488306
-0.058145162
-0.011614782
0.028930068
-0.03819339
0.00231583
-0.005486737
0.012398601
0.016388955
-0.006484326
-0.041613694
0.007054376
-0.009263322
0.004952315
0.019666746
-0.012541113
-0.027362429
-0.0174578
0.007054376
-0.007161261
0.045604046
-0.035200626
-0.035628162
0.036340728
-0.001469662
-0.044463944
0.008051964
-0.002039712
-0.008051964
0.014108753
0.017742824
0.012968651
0.02194695
-0.02265951
-0.025082227
-0.022944536
0.027647454
0.045604046
0.022516998
-0.006840607
0.012113575
0.046459127
0.026364841
-0.025652276
0.005949903
-0.013253677
0.042183746
0.021661924
-0.004809802
0.039618518
-0.003990354
-0.030497707
0.038763441
0.030925246
-0.014108753
-0.058145162
-0.001754687
-0.014678803
-0.037623338
0.023942124
0.041613694
0.016175186
0.035343137
0.016531467
0.024654688
-0.035343137
0.057290088
-0.040473592
-0.01261237
0.070116229
0.020379309
0.01396624
0.025082227
-0.071256325
0.019381721
0.061850492
0.050164454
-0.008835784
-0.061280441
0.039333493
-0.011899806
0.037053287
-0.053584758
-0.015391367
-0.000458713
0.014465034
-0.051304553
-0.024797201
-0.023799611
-0.011115986
-0.022516998
0.017742824
-0.006270557
-0.049594402
0.005094827
0.040758617
0.043038823
-0.002654298
0.040473592
-0.019809259
-0.011258499
-0.011899806
-0.032350373
0.007553171
0.049309377
-0.034488063
-0.021804437
0.011971062
0.013823727
0.054154806
-0.045889072
-0.028217506
0.003420304
0.040758617
-0.022944536
0.02194695
0.0438939
0.040758617
0.039333493
-0.028074993
0.017671568
-0.007018748
0.004631661
0.030355193
0.02522474
0.077526882
0.043038823
-0.027077403
-0.047884248
-0.019239208
0.000199295
-0.072681457
0.061280441
0.003723143
0.001336056
-0.027362429
-0.003028394
0.077526882
0.007909453
0.007553171
-0.001086659
-0.001995177
0.029785145
0.006092416
0.009334578
-0.022516998
-0.06612587
0.033347961
-0.00990463
-0.032920424
-0.038478415
-0.026649866
0.036768265
-0.02793248
0.010830962
-0.012469857
-0.017814081
0.051874604
0.038763441
-0.01261237
0.045319021
-0.001585453
0.037053287
0.009334578
0.002725555
-0.023514589
-0.009405835
-0.049879428
-0.039048467
-0.004667289
-0.026079815
0.00990463
-0.034345549
0.059000239
0.0438939
0.015747648
0.014322522
0.030782733
0.0174578
-0.045033995
0.01667398
-0.049594402
-0.014607547
-0.029785145
0.050164454
-0.007196889
0.046744153
0.006163672
-0.009405835
-0.005914276
-0.096908599
0.023372076
0.007980709
-0.0484543
0.000124142
0.014251266
0.061565466
0.015676392
0.039048467
0.037053287
0.007838196
0.013894984
0.015818905
-0.016887749
-0.051019527
0.005344225
-0.014393778
0.021234386
0.02522474
-0.009975886
0.051304553
-0.006484326
0.02422715
0.026222328
-0.000730377
-0.033062935
0.004738546
-0.028645044
