voyage-4:fe278beb2c30570f9a1ebb66606f6ff2fbf05c6e135b059e6f8f12cd99bed5f7
0.041857202
-0.0029898
0.023603685
-0.029268568
0.027222916
-0.000174569
0.006923747
0.000123551
-0.006805729
0.005940261
0.008890721
0.009244776
-0.04248663
-0.014949
-0.026750842
0.025177263
0.059481286
-0.006569692
0.041542485
-0.024390472
0.004937104
-0.039496832
-0.012588631
0.011015053
-0.02627877
0.018253516
-0.025806695
-0.000116789
-0.007199124
0.034304019
-0.000880221
0.02470519
-0.064202026
-0.03147158
-0.010700338
0.069552191
-0.028324421
0.032573085
-0.037923254
0.018253516
0.00371758
-0.03351723
-0.057592992
0.009323455
-0.015421074
-0.03147158
-0.014004853
0.01723069
-0.036192317
0.014712964
0.032573085
0.010779016
-0.0358776
0.020613885
-0.034304019
0.004465031
-0.012431274
0.002370203
0.03823797
0.04941038
-0.038867399
0.017545406
-0.018332195
-0.016679937
0.004307672
-0.015185038
-0.004425691
-0.029268568
0.046263222
0.020299168
0.019669738
0.001258863
-0.002911121
0.005192811
0.027537631
-0.005900921
-0.014634284
-0.018174836
-0.042171918
-0.034304019
-0.036821745
-0.057278275
0.013454101
-0.024390472
0.051928103
0.016207863
-0.035090812
-0.008457987
-0.022344822
0.034461379
-0.001204771
-0.005822242
-0.028481778
0.025334623
-0.010149584
-0.02627877
-0.035248172
0.007199124
0.036979105
-0.058537137
-0.05601941
0.008261289
0.002124332
0.046263222
-0.062313728
0.041542485
-0.0179388
-0.008418648
-0.009087418
-0.019276343
0.036507033
0.007867895
0.002330864
-0.012037879
0.026908202
-0.025491979
0.014083532
-0.006333656
-0.008497327
0.010779016
-0.009480814
-0.022974253
0.046577938
-0.023131611
-0.018804269
-0.005940261
-0.022187464
0.050354525
-0.061054863
-0.03603496
0.067034461
0.048780944
-0.00115068
-0.013847494
0.024075758
-0.026908202
-0.005664884
-0.050039809
-0.028639138
0.035405528
-0.0104643
0.003953617
-0.001848955
0.011644484
-0.004032296
-0.013847494
0.012116558
0.0104643
0.019276343
0.005743563
-0.005664884
-0.020928601
-0.027065558
-0.035090812
-0.050983958
0.023446325
-0.010936374
0.006058279
-0.029898001
0.023603685
-0.049725097
-0.025964051
0.041227769
0.019827096
0.015893146
0.033045158
0.036507033
-0.003265176
-0.002911121
0.037923254
0.028324421
0.010542979
-0.028009705
0.032415725
-0.016286543
0.022030106
-0.002370203
0.012588631
0.038710043
-0.013926174
-0.046577938
0.004897764
0.01715201
-0.007867895
0.030370075
0.015893146
0.033989307
-0.02470519
-0.073014066
-0.010700338
-0.030370075
-0.007671197
-0.008300629
-0.025649337
-0.008576005
-0.026908202
-0.024862548
-0.007277803
-0.086232126
0.007395821
-0.03603496
-0.007789216
0.039024759
0.013296742
0.01801748
-0.023918401
0.006451674
-0.010228263
0.051298674
-0.005153471
0.007553179
-0.038552687
-0.025019905
0.006884408
-0.014319569
-0.022974253
-0.016522579
-0.050354525
0.016129185
-0.002930791
-0.0179388
0.035562884
0.002330864
-0.000523707
-0.014870321
-0.000052248
-0.04248663
-0.059166569
-0.020613885
0.031628937
-0.001199854
-0.055389978
0.03367459
0.04280135
0.031943653
0.029425928
-0.002468552
-0.03351723
0.042171918
0.028324421
-0.006058279
-0.013926174
0.007002426
0.001199854
-0.029740643
-0.022816896
-0.004366681
0.001244111
0.001012991
-0.005389508
-0.028796496
0.018174836
0.061999008
0.017702764
-0.013060706
-0.041227769
-0.010385621
-0.02171539
0.039182115
0.029898001
-0.009323455
-0.008890721
-0.056334127
0.058222421
-0.027537631
-0.036349673
0.016443901
-0.013454101
0.033831947
-0.073958211
-0.011565805
0.029898001
-0.001416221
-0.00452404
-0.000599927
0.084343836
-0.012116558
0.005074792
-0.0179388
-0.005015783
0.040598337
-0.010621658
-0.045633793
-0.006097618
0.00527149
-0.022344822
-0.056963556
0.028796496
-0.026908202
-0.001022826
-0.014398248
-0.026436128
-0.032573085
-0.024233116
0.050354525
-0.037765898
-0.041857202
-0.022502178
-0.029898001
-0.002429212
0.094414741
-0.067349181
-0.009598832
0.067978613
0.018882949
-0.00523215
-0.00091956
0.057278275
-0.003638901
0.039182115
0.016365223
-0.017073331
0.036664389
0.033045158
-0.002429212
0.00450437
0.011723163
-0.001691597
-0.008418648
-0.003638901
0.02911121
-0.020613885
-0.002714424
-0.015027679
-0.018332195
0.015342395
-0.038395327
-0.057278275
0.035720244
0.00111134
-0.071755201
0.04941038
0.000317175
-0.074902356
0.024075758
0.009480814
-0.003048809
0.001204771
-0.052557539
-0.013768815
-0.04248663
0.040598337
0.028009705
0.020456526
0.045319073
0.008261289
0.005310829
0.024233116
0.007317142
-0.086861558
0.045633793
0.040283624
-0.024390472
0.012195236
0.010031566
-0.050669245
0.010936374
-0.040283624
0.010149584
-0.00971685
-0.014083532
0.009913548
0.037923254
0.017466726
-0.004779746
0.04720737
0.000619597
0.01801748
0.013060706
-0.063887306
0.012273916
0.009402134
0.019040305
0.066405036
0.011959201
0.026750842
-0.00151457
-0.018174836
-0.031628937
-0.030212717
0.033831947
0.020141812
0.008890721
0.053501684
0.025806695
0.011723163
0.023918401
-0.008930061
0.001563744
-0.01951238
-0.007356482
-0.045319073
0.026436128
0.028167063
-0.027065558
0.00373725
-0.013611458
-0.019118985
0.043116063
0.04941038
-0.034304019
-0.00676639
-0.025964051
-0.015421074
0.035562884
0.053501684
-0.000390936
0.004110975
-0.035248172
0.024862548
-0.014791642
0.035405528
-0.056334127
-0.001465395
0.026593484
-0.065775603
0.039811548
-0.003461874
0.01715201
0.018804269
-0.05601941
0.03351723
-0.021558031
-0.039024759
0.016365223
-0.001947304
-0.006215637
-0.01951238
0.063572586
0.009087418
-0.011959201
0.03823797
0.012903348
-0.01951238
0.052872255
-0.022502178
-0.034776095
-0.030212717
0.000311028
0.057278275
-0.000017057
-0.034146663
0.040913053
-0.043116063
-0.041227769
-0.00017211
0.060110714
-0.067349181
-0.041542485
0.03068479
0.009677511
-0.005664884
-0.039496832
0.045004357
-0.052242823
0.016050506
-0.002478387
-0.003678241
0.00297013
0.002035818
0.000427817
0.01730937
0.000816294
-0.053816404
0.048780944
0.029425928
-0.002753763
-0.0104643
0.022502178
-0.005940261
0.026908202
-0.048466232
-0.046577938
-0.024390472
-0.04280135
0.002753763
0.020299168
-0.015421074
-0.017702764
0.00822195
-0.031156864
-0.014791642
0.015893146
-0.017781442
0.00452404
-0.022659536
-0.025177263
0.038867399
-0.020299168
-0.063887306
0.055389978
-0.03131422
0.007749876
-0.014398248
0.022344822
0.068922758
0.034461379
-0.002773433
-0.001888295
-0.019905774
-0.012037879
0.022659536
0.001888295
0.021243315
0.008457987
0.001145762
-0.008379308
0.029583285
0.015185038
0.020456526
-0.017781442
-0.023131611
0.048466232
0.041542485
-0.044060212
-0.009323455
0.020141812
-0.018253516
-0.003540553
0.019040305
-0.032415725
-0.024233116
-0.045633793
0.002537396
0.019040305
-0.015421074
-0.024862548
-0.026908202
0.008025253
-0.056963556
0.012982026
-0.006333656
-0.0014949
-0.007120444
-0.017073331
0.059481286
-0.035405528
0.089379288
-0.013375421
-0.001347377
0.024075758
-0.018096158
0.044374928
0.067349181
0.044060212
-0.007317142
0.017545406
0.013218064
-0.001632588
0.013454101
0.027537631
-0.060110714
-0.01715201
-0.008064592
-0.034933452
-0.016994653
0.008143271
0.040283624
0.029583285
-0.057907708
0.007159784
-0.043745495
-0.028639138
0.029740643
-0.015814468
-0.029268568
0.028167063
0.003088149
-0.000212679
0.033359874
0.005861581
-0.020299168
-0.066090316
0.025964051
-0.028481778
-0.035405528
0.044060212
0.000236037
-0.033989307
0.006018939
-0.031628937
-0.002714424
0.014476927
-0.004701067
-0.062313728
-0.042171918
0.023131611
0.003914278
-0.061369579
-0.016601259
0.002517727
0.00153424
-0.064202026
-0.014712964
0.020771243
0.014162211
-0.059796002
0.017702764
0.0358776
0.054445833
0.029898001
-0.034461379
-0.020771243
0.047836803
-0.043430779
-0.000137688
0.058222421
0.005035453
0.029898001
-0.01565711
-0.011644484
-0.01715201
0.045633793
0.005546866
0.04720737
0.021872748
-0.057592992
-0.030527432
-0.011172411
0.005940261
-0.076161221
-0.026121411
-0.052557539
-0.010857695
0.019591058
0.001848955
0.005468187
-0.054760549
0.025964051
0.032101013
-0.000268
0.015499752
-0.028009705
-0.039811548
0.036192317
0.041227769
0.004779746
-0.012824669
0.001770276
0.0179388
0.033831947
0.002734093
-0.008576005
-0.028481778
-0.018410873
-0.049725097
-0.055075262
0.000732698
-0.008379308
0.022659536
0.02911121
0.047522087
0.015971826
0.012116558
0.061369579
0.016443901
0.027065558
0.012982026
-0.004622388
0.086861558
0.026750842
-0.013218064
0.001337542
-0.006648371
-0.010228263
-0.039182115
0.059166569
-0.003815929
-0.065460891
-0.050983958
0.024075758
0.010621658
0.019748416
-0.018568233
-0.022187464
-0.029268568
-0.054131117
0.075217076
-0.017781442
0.020613885
0.017781442
-0.007356482
-0.010700338
0.022502178
-0.034461379
-0.010542979
-0.048466232
0.005153471
0.014083532
0.031628937
0.023603685
-0.003107819
0.033045158
-0.042171918
-0.045004357
-0.016129185
0.050983958
-0.01951238
-0.008654685
0.027852349
0.062628441
0.022502178
-0.004976443
-0.014949
0.014004853
0.012824669
-0.025491979
0.01573579
-0.008339969
-0.029740643
0.011959201
-0.015342395
0.015578432
0.047836803
0.017466726
-0.022502178
0.013454101
-0.042171918
0.013375421
0.060740151
-0.022659536
0.04280135
0.002616075
-0.030999504
-0.024390472
0.048466232
0.022502178
0.004012627
0.025019905
0.008261289
-0.011880522
0.062628441
0.029583285
-0.000890056
0.008182611
-0.002694754
0.040913053
-0.041542485
-0.016443901
-0.00014322
-0.012982026
0.012116558
0.024547832
-0.033359874
0.054760549
0.011093732
0.048151515
-0.008890721
0.052872255
0.052557539
0.079937808
0.015263716
0.018804269
-0.021558031
-0.039496832
0.037136465
0.00676639
0.037293822
-0.025177263
0.021085959
0.067034461
-0.005940261
-0.035090812
0.010149584
0.022974253
-0.039811548
0.015893146
0.017781442
0.01573579
0.013926174
-0.057278275
0.026436128
-0.027380275
-0.022030106
-0.039496832
-0.042171918
0.008497327
0.027222916
0.04689265
0.003304516
0.03147158
0.013375421
0.040598337
0.014083532
0.025491979
0.040913053
-0.002950461
-0.010621658
-0.001947304
-0.070181623
-0.025019905
-0.065775603
-0.025964051
-0.039182115
-0.002016148
-0.009992226
0.031156864
0.052557539
0.043430779
0.010779016
0.028481778
0.04689265
-0.011015053
-0.006727051
0.026121411
0.04280135
-0.062943161
-0.066405036
0.012431274
-0.001337542
-0.022659536
-0.025177263
0.016679937
-0.007120444
0.011880522
0.001357212
-0.054760549
0.009323455
-0.017466726
0.003324185
0.018410873
-0.013375421
-0.019355021
0.001583414
-0.030999504
-0.003363525
0.061054863
-0.04689265
0.011408448
0.040126264
0.02470519
-0.050039809
-0.018725589
-0.001258863
-0.014083532
0.004268333
-0.000612221
0.021085959
0.028167063
-0.033045158
-0.035720244
-0.006097618
0.065775603
0.032730445
0.001180184
0.021872748
-0.027380275
0.019197663
0.020771243
-0.040913053
0.022659536
0.025019905
0.057592992
0.012195236
-0.028796496
0.061684296
0.009441474
-0.043745495
0.074587643
-0.017860122
-0.015578432
-0.034146663
-0.039496832
-0.050354525
-0.011959201
0.039968904
0.031786293
-0.016915973
0.013611458
0.03131422
0.013139385
-0.044060212
0.076790653
-0.048780944
0.015027679
0.064516738
-0.00089989
0.025491979
0.052242823
-0.045319073
0.009598832
0.060740151
0.035720244
-0.044689644
-0.030212717
0.040126264
-0.002124332
0.050983958
-0.023603685
-0.021243315
-0.022187464
-0.0029898
-0.032573085
-0.036349673
-0.005389508
0.013454101
-0.001367047
0.004838755
-0.020771243
-0.053501684
-0.021085959
-0.000420441
0.006097618
-0.001327707
0.043745495
-0.032573085
-0.012195236
0.000963817
-0.015499752
0.011015053
0.028639138
-0.024390472
-0.019905774
0.010857695
0.031786293
0.003343855
-0.029583285
-0.039182115
0.008733363
0.004819086
0.022344822
0.061684296
0.026750842
0.007749876
-0.001721102
-0.068293326
0.013139385
-0.008812043
0.014162211
0.035405528
0.011408448
0.066090316
0.035090812
-0.027694989
-0.056963556
0.009913548
0.019827096
-0.091267586
0.046577938
0.059796002
0.019984452
-0.026908202
-0.002203011
0.078049518
0.035720244
0.012588631
0.022659536
-0.000386019
0.016522579
-0.019355021
-0.003914278
-0.036664389
0.000238496
0.034933452
0.006018939
0.035248172
-0.031628937
-0.043116063
0.001593249
-0.016365223
-0.015106359
-0.036979105
-0.019355021
0.033202518
0.001612918
-0.035248172
0.008536666
-0.012116558
0.029898001
0.011408448
-0.012509952
0.0059796
-0.003304516
-0.039968904
-0.007671197
0.014555605
-0.053501684
-0.014791642
0.020141812
0.071755201
-0.007238463
0.003206167
0.037293822
0.034933452
0.024233116
-0.047836803
-0.015814468
-0.038867399
0.024862548
-0.018568233
0.033989307
0.016679937
0.046263222
-0.011093732
-0.009913548
0.019669738
-0.078049518
0.000005071
0.00900874
-0.012588631
-0.01573579
-0.034304019
0.02470519
-0.006058279
0.066090316
0.031628937
-0.032258369
-0.002291524
-0.042171918
-0.009559493
-0.078678951
-0.0089694
0.002458717
0.005782903
0.028167063
0.034461379
0.014555605
0.009284116
0.019827096
0.028167063
-0.015342395
-0.043745495
-0.001927634
-0.016758615
