voyage-4:b5c0636d8b03cf02124fb55a6c6fa4181074fafcfbaba2f7a8fc59e41e0949af
-0.033222068
-0.021357045
-0.030453565
0.004614176
-0.012326443
-0.013974363
0.031771902
0.018324872
0.012260525
0.022016214
-0.003460632
-0.060643461
-0.046141766
0.018456705
-0.001042309
0.013051528
0.032958403
0.005438136
0.027948726
0.004943761
-0.023730049
-0.024257384
-0.032958403
-0.03032173
-0.041395754
0.015424533
-0.01753387
-0.004053883
-0.022148047
0.005932512
0.00225765
-0.013974363
-0.065916806
-0.028871562
0.007382682
-0.00010042
-0.059061456
-0.023466382
0.020961544
0.041132089
0.031244567
-0.056161121
-0.022148047
-0.011930942
-0.034540407
-0.027553225
0.02702589
0.015622283
-0.021093378
0.022939049
-0.016083701
0.024916552
-0.10124822
-0.020170543
-0.063807473
0.018720374
0.054051779
-0.049305771
0.043505091
0.071190149
-0.048514768
0.026103057
-0.033617571
0.016215533
0.028344227
-0.002784985
0.012128692
-0.034276739
0.04086842
-0.018193038
-0.020961544
-0.035595074
-0.000315165
0.007349723
-0.004647135
-0.046141766
0.05800679
0.018720374
-0.040077418
-0.058797788
0.01753387
0.006459847
0.009030602
-0.033222068
-0.00082396
0.036386076
0.00454826
-0.041395754
-0.030717231
0.025971223
-0.051151443
0.005998429
-0.014303947
0.000889877
-0.027685059
0.009623853
-0.020697877
0.013315194
0.012194609
-0.020038709
-0.037177078
0.015754117
-0.012721944
-0.037704412
-0.020829709
0.050096773
-0.026103057
0.035858743
-0.043505091
-0.003493591
0.048514768
0.023466382
0.023334548
-0.05062411
0.027289556
-0.004844885
-0.014831281
-0.070662819
0.003938529
-0.01113994
0.045087095
-0.006657597
0.010283022
-0.02122521
-0.076463498
0.006130263
-0.04086842
-0.006328014
-0.013183361
0.001318336
-0.005635887
0.01753387
0.029926229
0.032299235
-0.041395754
0.051678777
0.007283807
-0.000494376
-0.049042102
0.018324872
-0.044032428
-0.004152759
-0.023993718
0.07382682
-0.009821604
0.004284592
0.036649745
-0.016479202
0.005635887
0.014106196
0.002438922
-0.020566044
-0.05062411
-0.024389219
-0.045350764
0.012787861
0.02926706
0.010810357
-0.039286416
0.018324872
-0.011930942
-0.018193038
0.023730049
-0.039813749
-0.003378236
-0.003674862
0.021620713
-0.067235142
-0.006723514
0.027421391
0.001837431
0.025839388
0.015820034
0.033749405
0.007382682
-0.010744439
0.019379541
0.016017783
0.00556997
-0.063016467
0.016545119
0.008701019
-0.000646809
-0.016545119
0.035858743
0.038231749
0.001829191
0.053524446
-0.019247707
0.010876273
0.002867381
-0.012194609
-0.105466887
0.022279881
0.001771514
-0.042714089
-0.015160865
-0.022543548
-0.012853778
0.000803361
-0.03691341
0.016874703
0.025180221
-0.02122521
0.059852459
-0.004383468
0.064598471
-0.003872612
0.030980898
-0.020566044
-0.043505091
-0.034276739
-0.016215533
-0.016676951
0.01113994
0.016676951
-0.047460098
-0.03691341
0.016413284
0.015754117
-0.001631441
-0.031376399
-0.009821604
0.011403608
0.010612605
0.008701019
-0.059061456
-0.028344227
-0.015226782
0.02702589
-0.005965471
-0.002620193
-0.025180221
0.040077418
-0.014303947
0.046669096
-0.019643208
-0.06802614
-0.041923087
0.040341087
0.054051779
-0.025971223
-0.027685059
-0.009887521
0.002438922
-0.010612605
0.008305517
-0.009821604
0.011996859
0.010085272
-0.008898769
0.044032428
-0.006558722
-0.050096773
0.055633783
-0.066180475
0.011271774
0.010876273
-0.02926706
0.014172114
-0.020697877
-0.001557285
0.014435781
0.054579113
-0.004218676
-0.018720374
-0.002405963
0.022939049
0.025839388
-0.084900841
-0.020566044
0.034804076
-0.05958879
-0.042450421
-0.039813749
-0.015754117
0.005504054
0.02043421
0.003345278
-0.024389219
0.026630389
0.005635887
-0.030453565
-0.030849066
0.008701019
0.005306303
-0.042186756
0.006295055
0.026234888
-0.030189896
-0.006459847
-0.03401307
-0.0156882
-0.008107767
-0.00659168
0.001886869
-0.032167401
-0.014897197
0.025180221
-0.039813749
0.036386076
-0.061961796
0.016149618
0.010348938
-0.005965471
0.00144193
0.018324872
0.007778183
0.016742868
0.069080815
0.024521051
0.000040941
-0.009953437
0.038759083
-0.065653138
0.014897197
-0.022939049
0.006921265
0.015556366
-0.049569439
0.059325125
-0.005471095
0.103357553
0.018720374
-0.047196433
0.005899554
-0.016347367
-0.049833104
0.019115875
0.016874703
-0.001796233
-0.017797537
0.002438922
-0.036122408
0.014106196
0.057215787
-0.03691341
-0.023861883
-0.055633783
0.015226782
-0.002719068
-0.025971223
0.015160865
-0.001697358
-0.024916552
0.022279881
-0.018193038
0.0156882
0.030849066
-0.020038709
0.02478472
0.029794395
-0.021357045
0.031640068
0.023993718
-0.079100169
0.053788111
-0.043505091
-0.010876273
0.00185391
0.010810357
0.029398894
0.01094219
-0.021620713
-0.04376876
0.053260777
-0.019643208
-0.001672639
-0.007910017
-0.047723766
-0.076990828
0.039550085
0.007119015
0.033353902
0.003674862
-0.023598216
-0.022411715
0.00537222
-0.004844885
-0.018720374
0.01094219
0.031640068
-0.1102129
-0.011469524
-0.008766935
-0.016215533
0.039022747
0.043241426
0.011469524
-0.038759083
-0.016808785
-0.040341087
0.006624639
0.022675382
-0.056161121
0.051415112
-0.016083701
0.017138369
-0.009557937
-0.027685059
-0.048778437
0.008766935
0.044032428
0.017138369
0.019379541
0.020170543
-0.021488879
-0.002900339
0.004070363
-0.041132089
0.00949202
0.02188438
-0.039022747
0.007217891
-0.018193038
0.008701019
0.020697877
0.005405178
0.010612605
-0.041659418
-0.007745225
-0.01094219
0.022939049
-0.039813749
-0.023334548
0.002620193
-0.018852206
-0.024652885
0.058797788
0.041395754
0.016676951
0.02412555
0.04086842
-0.00206814
-0.014831281
-0.010019355
0.007745225
0.045087095
0.00164792
0.029926229
-0.054579113
-0.028871562
0.007778183
-0.020829709
-0.013710695
0.053788111
0.020038709
-0.025180221
-0.020697877
0.014963115
-0.045350764
-0.024916552
-0.016017783
0.03796808
0.010414855
-0.008074809
0.006262097
-0.028871562
-0.042450421
-0.035331409
-0.008503268
0.049305771
-0.01898404
-0.010019355
0.051151443
0.020829709
-0.01898404
-0.066707805
0.03691341
-0.005042636
0.01113994
0.01898404
-0.025971223
0.012721944
-0.007119015
0.044032428
0.026498554
-0.003674862
0.058797788
-0.039022747
-0.001359534
-0.031903736
-0.012194609
0.008569185
-0.005504054
-0.017006535
0.020038709
0.003773737
0.00929427
-0.02926706
0.002389484
0.036649745
-0.023598216
0.022148047
-0.007448599
0.021752546
0.011865024
0.042186756
-0.012985611
-0.027948726
-0.061961796
-0.012853778
0.022807216
0.015490449
-0.031244567
-0.011601357
0.005734762
-0.031771902
0.021752546
-0.022807216
0.015556366
-0.000082396
0.025575722
-0.002356526
-0.043505091
0.046932764
-0.055370118
-0.035858743
0.023070883
0.00021423
-0.037704412
-0.030585397
-0.012787861
-0.025575722
0.041132089
-0.00021629
-0.005075594
-0.026894055
-0.004251634
-0.031771902
0.006558722
-0.057215787
0.023070883
0.014897197
0.036649745
0.049305771
0.028344227
0.027553225
-0.034804076
-0.01898404
0.045087095
-0.006855348
-0.010414855
0.025443887
-0.014369864
0.004218676
0.0325629
0.00929427
-0.035595074
0.019511374
-0.00247188
0.002191734
0.04482343
0.008173684
0.025575722
0.00949202
-0.022543548
0.056424785
0.021357045
-0.070662819
0.03691341
-0.072772153
-0.009953437
0.012194609
0.01463353
-0.026894055
0.006295055
0.003015694
0.031112732
0.035595074
-0.074881494
-0.008140725
-0.006031387
0.057743125
-0.034804076
-0.027553225
-0.005075594
0.022543548
-0.03691341
-0.009821604
-0.03401307
0.023861883
0.033090238
0.02122521
-0.060379792
-0.035331409
0.057479456
-0.039022747
-0.011271774
0.01239236
-0.032431066
0.032035567
-0.015754117
-0.089119524
0.014963115
0.041923087
-0.035067741
0.009887521
0.041132089
0.002537797
-0.02808056
-0.050096773
-0.007053098
0.013512945
-0.034276739
0.028344227
-0.006525764
0.00165616
0.016347367
-0.004383468
-0.076463498
0.006789431
0.040077418
-0.011733191
0.004004446
0.03691341
-0.004647135
-0.005800678
-0.046669096
-0.006360972
-0.015292699
0.02412555
-0.009887521
-0.015226782
-0.053788111
-0.010019355
-0.036386076
-0.008898769
-0.002340047
-0.024257384
-0.034276739
0.093338192
-0.036122408
0.028871562
0.032167401
-0.010151188
0.000906356
0.029003395
-0.025048386
0.009228352
0.034540407
0.034540407
-0.020038709
-0.021357045
-0.057743125
0.010678522
-0.023598216
-0.020038709
-0.048778437
-0.029003395
0.009953437
-0.018720374
0.044296093
0.016874703
-0.020829709
0.004416426
0.00102995
0.020566044
0.007151973
0.04086842
0.023861883
0.007942975
0.005602929
-0.02043421
0.018720374
-0.066180475
-0.021620713
0.020038709
-0.040341087
-0.052733444
0.002455401
-0.028476061
0.004844885
-0.071190149
-0.035858743
-0.047987435
-0.038495414
0.010217105
0.041132089
0.031640068
-0.052469775
0.009030602
-0.054315448
-0.008898769
-0.008701019
-0.034276739
0.006426889
0.005932512
0.05958879
0.03691341
0.039022747
0.029398894
0.041395754
-0.018193038
0.042714089
0.021093378
0.064334802
-0.016083701
-0.082791507
0.025312055
0.032035567
0.003559508
-0.061434463
-0.034804076
0.086482853
0.026366722
0.023202714
0.005701804
-0.014369864
-0.019247707
-0.011205858
-0.000741564
-0.036122408
0.065653138
-0.014897197
-0.023070883
0.024521051
-0.013776612
-0.015556366
0.020829709
-0.000475837
0.024916552
-0.03691341
-0.051151443
-0.043241426
-0.018324872
0.035067741
0.011205858
0.010744439
-0.051678777
-0.002867381
-0.013183361
-0.002175255
0.035331409
0.014106196
0.046669096
-0.004482343
-0.065389469
0.00474601
-0.012194609
0.001573764
-0.013908446
0.021357045
-0.019906875
0.013183361
-0.008503268
-0.000914596
0.030453565
0.007910017
0.025048386
0.051151443
-0.046669096
0.017270204
-0.025312055
-0.007250849
0.009030602
-0.040604752
0.05510645
0.016676951
0.036386076
0.047987435
0.002949777
0.000313105
-0.018061204
0.023598216
-0.01628145
-0.000737444
0.037177078
0.005009677
0.002340047
-0.036386076
-0.014897197
0.002702589
-0.020961544
0.009887521
-0.024389219
0.023070883
0.019775042
0.036122408
-0.039022747
-0.002636672
0.051151443
0.054842781
-0.049833104
0.037704412
0.049569439
-0.06802614
0.048778437
0.023334548
-0.063280135
0.042450421
-0.030585397
0.016676951
-0.032826569
0.049569439
-0.001507847
0.032694735
-0.034276739
-0.026234888
0.057479456
0.039813749
0.036649745
0.061961796
-0.014303947
-0.03691341
-0.015754117
-0.024521051
-0.046932764
0.01384253
0.018061204
-0.015094948
-0.029794395
0.039813749
0.018193038
0.011403608
0.057215787
-0.056688454
0.019379541
0.02122521
-0.018852206
0.024257384
0.001268898
-0.041923087
0.012787861
0.065916806
0.01404028
0.007448599
-0.071190149
-0.029398894
0.064334802
-0.023598216
-0.033090238
0.00537222
0.001829191
0.024916552
0.042186756
-0.025312055
-0.00949202
-0.010546689
-0.041132089
-0.035858743
0.019115875
0.014897197
0.027948726
0.041659418
0.019511374
-0.010217105
0.04482343
0.021752546
-0.040077418
0.016017783
-0.005141511
0.009557937
-0.011733191
-0.039813749
0.060379792
0.019775042
-0.039550085
0.064071134
0.032035567
-0.018456705
-0.035331409
-0.01113994
-0.00351007
-0.017797537
0.021357045
0.068553478
0.033485737
0.001804473
0.028607894
0.017006535
0.035595074
0.032035567
-0.003592466
-0.019906875
0.061434463
-0.007481557
-0.023466382
0.030453565
-0.063807473
-0.005899554
0.03401307
0.013776612
0.000556173
-0.015820034
0.016215533
-0.011008107
0.022807216
-0.015490449
0.007712266
0.027685059
0.029530728
-0.016017783
-0.015556366
0.014303947
-0.03401307
-0.019247707
0.035331409
0.022543548
0.00227413
-0.003065131
0.059852459
0.004482343
-0.012326443
0.036649745
0.012919694
0.018324872
-0.001664399
-0.013578862
0.014567615
0.045614433
-0.054051779
-0.067235142
-0.011074023
-0.006163221
0.035067741
-0.048514768
-0.028739728
-0.039550085
0.02412555
-0.018588539
0.002175255
0.047196433
0.027421391
0.009426103
-0.038231749
-0.006163221
0.006097305
0.027421391
-0.034540407
0.03691341
0.042977758
-0.005504054
-0.016676951
-0.001211221
-0.029794395
-0.026103057
0.005932512
0.04376876
-0.018720374
-0.013447028
-0.011403608
-0.025048386
0.059852459
0.002752027
-0.004910802
0.02412555
0.022279881
0.029398894
-0.025312055
0.023334548
0.013315194
-0.038495414
-0.003229924
-0.016149618
0.021620713
0.011337691
0.030585397
0.015292699
-0.006822389
-0.000568532
-0.03032173
0.004943761
0.047460098
-0.027685059
-0.017929371
0.020697877
-0.026630389
0.029662563
-0.006756472
-0.023993718
0.023730049
-0.021752546
-0.030453565
0.006097305
0.003526549
-0.009162436
0.027816892
-0.021620713
0.054051779
-0.048778437
0.023334548
-0.026894055
0.009953437
0.014172114
-0.023730049
0.001137065
-0.022807216
0.015951868
0.01094219
-0.014303947
-0.054315448
0.005174469
0.022675382
0.013908446
0.008272559
-0.02122521
0.044032428
0.01404028
0.026103057
0.034804076
0.022411715
0.049569439
0.004877843
0.006426889
0.011535442
0.017006535
-0.039550085
0.057215787
0.006657597
-0.065916806
0.047196433
0.014172114
-0.011074023
-0.011799108
-0.0156882
0.056424785
0.017929371
0.014567615
-0.069608152
-0.02808056
-0.007745225
-0.020961544
0.001565524
