voyage-4:4b8585fff7e176cc265a109eab25dfa893bb53e9d8725bc75cd994775518a2c0
0.031814184
0.00509027
-0.049630132
0.012566603
-0.021474576
0.005408412
0.006601444
0.022588072
0.017736409
-0.000628827
-0.005527715
-0.031018829
-0.018452227
-0.007118424
0.01296428
0.039767731
-0.013441494
-0.003718283
0.051220838
-0.014316384
-0.01033961
-0.023383426
-0.042949151
-0.003996657
-0.058856241
0.030382546
0.013123351
0.001948619
-0.006283301
0.00288316
-0.008112617
0.021792717
-0.071900062
-0.01527081
0.007277495
0.057583675
-0.027837411
-0.010896359
-0.044539858
0.033245824
0.042631008
-0.052175261
-0.030541619
0.012805209
-0.018372692
-0.036586314
0.01646384
0.009941933
-0.046130568
0.001560883
0.01383917
-0.00236618
-0.012248461
0.006442373
-0.035950031
-0.016702447
-0.015986627
0.006680978
0.049311984
0.037063528
-0.009504488
0.032927681
-0.030064406
-0.014475455
-0.013759635
0.014316384
0.023383426
-0.004513638
0.022429001
0.008112617
-0.009345417
0.011612178
0.016861519
0.005647018
-0.008987508
0.008748901
-0.002922928
-0.023701569
-0.010498681
-0.027201127
-0.038495164
-0.051220838
0.00823192
-0.020997362
0.016941054
0.006561676
-0.034359321
-0.0099817
-0.053129688
0.001312335
-0.027678341
0.007118424
-0.009862397
-0.009186346
-0.022110859
-0.01033961
-0.010975894
0.027042057
0.002863277
-0.065219074
-0.048357565
0.012089391
0.00946472
0.085262015
-0.032768611
0.040085874
0.014316384
0.007277495
0.005527715
0.005328876
0.02083829
0.016145699
0.001809432
-0.012805209
0.036109101
-0.028314624
0.008907972
-0.021633647
-0.020042937
0.021315504
-0.044858001
-0.041358441
0.027519271
0.000894774
-0.043267295
0.019008975
-0.019008975
0.021315504
-0.021156434
-0.019406652
0.013600564
0.080808029
0.000864948
0.003996657
0.003956889
-0.037063528
-0.030064406
0.012566603
-0.046130568
0.044539858
-0.011691713
0.004354567
-0.007396798
0.044858001
-0.008788669
-0.025451349
-0.037540738
0.005766321
0.022429001
0.023383426
0.008033082
-0.055038542
-0.038495164
-0.018054551
-0.012089391
0.055992968
0.031336971
-0.037222598
-0.035472818
0.037381668
-0.035950031
-0.034041177
-0.024974136
0.010140771
0.007237727
0.013043815
0.071900062
-0.007317263
-0.030541619
0.027201127
-0.008351224
-0.035950031
0.008788669
0.008470527
0.001381929
-0.010975894
0.019008975
-0.003400141
0.050584555
-0.048039418
-0.009544255
0.003738167
0.008629598
0.009265882
0.040085874
0.038017951
0.021792717
-0.021156434
-0.068400495
-0.0199634
0.013521029
-0.000584089
-0.005209573
-0.018929441
-0.022747142
-0.042949151
-0.041040298
0.038177021
-0.023701569
-0.015111738
-0.036745384
0.002028154
0.037540738
0.031973254
0.046130568
-0.038813304
0.001650361
-0.010816824
0.080171749
0.047721278
0.023542495
-0.018452227
-0.051220838
-0.015986627
-0.00771494
-0.031973254
-0.010419145
-0.059810668
0.016304769
-0.024815066
-0.043903574
0.017497802
0.011691713
0.035790958
-0.036904454
-0.008192153
-0.034200247
-0.066173501
-0.008748901
0.023065284
-0.037063528
-0.018134085
0.001988387
0.047084991
0.012884745
0.005130037
0.000715819
-0.070945635
0.049630132
0.019486187
-0.008271688
-0.030223476
0.035313748
-0.008470527
0.01542988
-0.018690834
-0.025451349
-0.019168045
-0.013361957
0.022429001
0.025133206
0.020997362
0.039926801
0.00118309
0.002306528
-0.025292277
0.002903044
0.0112145
0.051220838
0.021156434
0.026882987
-0.032450467
-0.043903574
0.045812424
0.001898909
-0.006641211
0.018690834
-0.032768611
0.030859759
-0.043585435
0.013282422
0.019247582
-0.016861519
-0.024178782
-0.040722158
0.064900935
-0.038177021
0.027837411
0.000432474
0.019486187
0.053447828
0.035950031
-0.023701569
-0.019327117
-0.056311108
-0.022906212
-0.058538102
0.031973254
-0.039131448
0.000760558
0.001088642
-0.021951787
-0.037858881
-0.013361957
-0.015111738
-0.004931198
-0.027201127
-0.043267295
-0.002286645
0.023542495
0.102441676
-0.066491649
-0.050266411
0.000287073
-0.013521029
0.002743973
0.013600564
0.108168229
0.00087489
0.048993845
0.00473236
-0.019486187
0.034995604
-0.013282422
-0.0136801
0.028632767
-0.007595636
-0.002863277
0.037699811
-0.007675172
0.030859759
-0.046448711
-0.022269929
-0.021951787
0.016066164
0.0199634
-0.026246702
-0.094169982
0.041040298
0.010816824
-0.061719518
-0.01296428
-0.021315504
-0.056629248
0.031496044
-0.002565019
-0.032768611
0.004394334
-0.044539858
-0.060765091
-0.039449587
0.029746262
0.036109101
-0.012327996
0.024019709
0.013600564
0.016622912
0.009146579
-0.007436566
-0.050584555
0.034041177
0.078262895
-0.027678341
0.016304769
-0.01542988
-0.049311984
0.013759635
-0.055674821
0.025451349
-0.040563084
0.002137515
0.052175261
0.023224356
-0.010578217
0.010896359
0.041358441
0.004871547
0.012566603
0.027042057
-0.079853602
-0.025610419
0.024815066
0.008510294
0.053129688
-0.024337852
0.003479676
-0.002565019
-0.00059403
0.021156434
-0.057265535
0.017815944
0.00684005
-0.020361079
0.037063528
-0.012407533
0.004613057
0.008311456
-0.021474576
0.021792717
-0.025133206
0.005328876
-0.053129688
0.036268171
0.042312868
-0.045494284
0.045176145
0.015827557
0.023065284
0.024337852
0.043267295
-0.003420025
-0.004155728
0.001148293
-0.020520149
-0.012327996
0.044858001
0.033723038
0.009226114
0.012884745
0.016941054
0.017975016
0.026882987
-0.033245824
0.012248461
0.035472818
-0.050584555
0.053765975
0.022906212
-0.018054551
0.008072849
-0.007595636
0.001048874
-0.002137515
-0.056629248
-0.02083829
-0.055356681
-0.006323069
-0.042949151
0.082080595
-0.015111738
-0.032450467
0.040404014
-0.000561719
-0.004752244
0.054084115
-0.018372692
-0.000237364
-0.001292451
-0.009822629
0.011930319
-0.018054551
0.00058906
0.022269929
0.002803625
-0.040563084
0.015350345
0.054720402
-0.080489889
-0.057583675
0.065537222
-0.023224356
0.015111738
-0.043903574
0.037381668
-0.037699811
-0.017259195
-0.006919585
-0.016384305
-0.02083829
-0.021315504
-0.011532642
0.051538981
0.01542988
-0.075081475
0.012884745
0.045176145
0.008510294
-0.093533702
0.023542495
-0.007197959
-0.036427245
-0.023542495
-0.024815066
0.009504488
-0.021474576
0.019247582
0.029746262
0.023542495
-0.033245824
-0.074445195
-0.026246702
0.005925392
0.030382546
-0.012884745
-0.024019709
-0.030223476
-0.042312868
0.041040298
-0.001262625
-0.037540738
0.006641211
-0.009504488
0.001739838
0.007158192
0.033882108
0.050266411
0.023542495
0.007476334
0.016781982
-0.021315504
0.015032203
-0.00298258
-0.032291397
0.038017951
0.010896359
-0.030700689
-0.005726553
-0.039767731
0.009862397
-0.017497802
-0.044539858
0.017577337
0.001312335
0.027678341
-0.054084115
0.006720747
-0.002644554
-0.021633647
0.000133595
0.025292277
-0.036427245
-0.030223476
-0.026087631
-0.000574147
0.018054551
-0.007277495
-0.028473696
-0.056947391
0.01908851
-0.020042937
0.027042057
0.001789548
-0.002127574
0.003002464
-0.015588951
0.051220838
-0.033563964
0.062037658
-0.019883865
0.005289108
0.022747142
0.006402605
0.007277495
0.084625736
0.014793596
0.022110859
0.032291397
0.010737288
-0.047084991
-0.010975894
0.023701569
-0.005686786
-0.026723914
0.018770369
-0.011930319
-0.008192153
0.040244944
0.009424953
0.040085874
-0.048039418
0.017497802
-0.019565724
-0.036745384
0.028791837
-0.023383426
-0.016304769
-0.016066164
-0.010975894
-0.017259195
0.038813304
0.022747142
-0.010419145
-0.046130568
0.025769491
-0.044221718
-0.020361079
0.007197959
-0.016384305
-0.034995604
0.025292277
-0.046130568
-0.037858881
0.022906212
-0.023383426
-0.035631888
-0.050584555
0.019804331
0.018690834
-0.048993845
0.017418267
-0.006442373
0.056947391
-0.058856241
-0.030541619
0.006879818
-0.022110859
-0.052493405
0.041994724
0.017497802
0.025928561
-0.033882108
-0.036586314
-0.028155554
0.022429001
-0.024019709
0.008112617
0.031496044
-0.000541835
0.030859759
0.004931198
-0.014634525
0.016861519
0.004036425
0.001332219
0.024178782
0.030223476
-0.001968503
-0.042949151
-0.031973254
0.022429001
-0.070627496
0.008868204
-0.036268171
-0.033245824
0.009027275
0.018531764
0.020202007
-0.054720402
0.045812424
0.014475455
0.021951787
0.029109979
-0.023383426
-0.012407533
0.022747142
-0.003181419
-0.006044696
0.018452227
-0.021474576
0.005328876
0.003121767
0.002704206
-0.028632767
-0.048675705
-0.012566603
-0.025928561
-0.022110859
-0.006521908
0.007317263
0.032927681
0.027996484
0.040085874
0.022429001
0.028473696
0.062673941
0.040404014
0.030541619
0.014634525
-0.017895479
0.092261136
0.050266411
0.018213622
0.006283301
-0.045176145
0.010896359
-0.032927681
0.052811548
-0.004513638
-0.054402255
-0.049630132
0.009584023
-0.024815066
-0.003678515
-0.027042057
-0.045812424
-0.016622912
-0.024019709
0.074445195
-0.005567482
-0.000750616
-0.028314624
0.012646139
-0.039767731
-0.001033961
-0.022110859
0.011691713
-0.000229907
0.042949151
-0.015032203
0.012884745
0.022429001
-0.030541619
0.042631008
-0.019883865
-0.014952667
0.001550942
0.044539858
-0.036745384
0.009424953
0.029428121
0.041358441
0.022110859
-0.019247582
0.012566603
0.031336971
-0.022906212
-0.023383426
0.055356681
0.012884745
-0.040722158
0.027678341
-0.031177903
0.017100124
0.027201127
-0.014157312
-0.043267295
0.017736409
-0.062037658
0.031336971
0.049311984
-0.023065284
0.038336091
-0.018293157
-0.027042057
-0.008748901
0.030541619
-0.006800282
0.017497802
-0.017259195
-0.000790384
-0.028314624
0.055992968
0.041040298
-0.005328876
-0.005686786
0.040404014
0.030859759
-0.040244944
-0.019565724
-0.009584023
-0.00149129
-0.019486187
0.026723914
-0.073172629
0.038813304
0.024815066
0.034836534
0.032291397
0.029587192
0.063946508
0.063628368
0.028632767
0.016225234
-0.036745384
-0.023065284
0.036745384
-0.002246877
0.0199634
-0.029269051
0.014316384
0.054720402
0.01527081
0.006641211
0.00262467
0.01471406
-0.037222598
0.011453106
0.036268171
0.048039418
-0.037858881
-0.027360201
0.001113496
-0.001710013
-0.015350345
-0.033882108
0.002535193
0.031973254
0.064900935
0.031177903
-0.003738167
0.023701569
-0.006680978
0.055674821
-0.028473696
0.027837411
0.004314799
-0.038495164
0.058538102
0.00411596
-0.022110859
-0.010816824
-0.071900062
-0.027519271
-0.047403138
-0.007078656
0.002525251
0.023542495
0.047721278
0.029109979
0.032768611
-0.043267295
0.046448711
0.002545135
0.007754707
0.021633647
0.023383426
-0.057583675
-0.050902698
-0.023542495
-0.002823509
-0.048357565
-0.014077777
-0.007436566
-0.064900935
-0.012884745
0.018690834
-0.050266411
0.031814184
-0.010140771
-0.00236618
0.010061236
-0.048039418
0.013759635
-0.020281542
-0.018293157
-0.020281542
0.059810668
-0.009941933
0.004235263
0.018690834
0.019406652
-0.033086751
0.019724794
0.0018492
-0.029587192
-0.001610593
0.00262467
0.033404894
0.055674821
-0.052493405
0.011532642
-0.032291397
0.064582795
0.068082355
0.032768611
-0.006163998
0.036745384
0.043585435
-0.013441494
-0.063310228
0.028155554
0.005448179
0.058219958
0.007794476
-0.021474576
0.037540738
-0.002942812
-0.051538981
0.040563084
-0.001650361
0.002495425
-0.039131448
-0.015350345
-0.028155554
-0.045812424
-0.005647018
0.039131448
-0.022588072
0.037540738
-0.022747142
0.013600564
-0.032768611
0.085898302
-0.009663559
0.040563084
0.037699811
0.014475455
0.036586314
0.015111738
-0.055356681
0.006044696
0.048675705
0.021474576
-0.036109101
-0.024019709
0.027201127
-0.019327117
0.042631008
-0.017975016
-0.017577337
0.013600564
-0.015350345
-0.042312868
-0.038495164
-0.000884832
0.007595636
-0.012725675
0.003081999
-0.014793596
-0.023383426
-0.008550062
0.000459814
0.029109979
-0.006163998
0.057265535
-0.049311984
0.009385184
0.027360201
0.030223476
0.008192153
0.030382546
-0.022110859
0.01908851
0.006442373
0.012089391
0.015032203
-0.025928561
-0.01471406
-0.020520149
0.037540738
0.015509414
-0.000989222
0.037222598
0.011532642
0.000934542
-0.037540738
0.001332219
-0.004235263
0.027201127
0.023701569
0.01527081
0.052175261
0.043585435
-0.037699811
-0.042949151
-0.016145699
0.015748022
-0.066491649
0.016225234
0.055356681
0.034041177
-0.006601444
0.033882108
0.101169109
0.045812424
0.013521029
-0.026246702
0.01383917
0.009902165
0.012566603
0.001451522
-0.00771494
-0.052175261
0.057583675
-0.018531764
-0.009703326
-0.047403138
-0.035154674
0.019008975
-0.022269929
0.024496922
-0.025133206
-0.006044696
0.027042057
-0.00648214
-0.003658631
0.018452227
-0.025928561
0.029109979
-0.058219958
0.017656874
0.004792011
0.051220838
-0.048039418
-0.041676581
-0.005766321
0.007516101
0.002644554
-0.015191273
0.059174385
-0.004752244
0.035790958
0.046448711
0.028791837
0.019804331
-0.023860639
-0.001014077
-0.050266411
-0.006760514
-0.001068758
0.00324107
0.006680978
0.00499085
-0.012327996
0.016543375
-0.004553406
-0.057265535
0.012089391
0.015111738
-0.031336971
-0.00033554
-0.026405774
0.051857121
-0.01908851
0.029109979
0.019565724
-0.00735703
-0.030859759
0.022588072
0.001958561
-0.063310228
0.026564844
0.023224356
0.025292277
-0.007754707
0.025610419
0.021792717
0.003897238
0.004911315
0.023224356
0.032609537
-0.02083829
0.007038889
-0.01542988
