voyage-4:646b2dc8672fe08e8dbd6a1c701369e65a455f66f003e19772cfa67403eb4a48
0.0271638
-0.017017322
-0.027323589
0.004194411
-0.013342219
-0.003475369
0.009347543
0.047296971
-0.008668448
0.009667117
0.004853532
-0.066151842
-0.021091891
0.003475369
0.013102539
0.017097216
0.036271662
-0.006631163
0.025725717
-0.022689763
-0.007989353
-0.012063923
-0.005592547
-0.022370189
-0.033075921
0.006870844
0.01765647
0.000823902
-0.022529976
0.014380836
0.010945414
0.024766995
-0.051131859
-0.038668469
-0.009547276
0.006591216
-0.057842918
0.001827565
-0.027483376
0.058162492
0.037709747
-0.054647177
-0.041544635
0.009587224
-0.004513985
-0.024766995
0.007350205
0.004733691
-0.006231695
0.021571252
0.024766995
0.018695086
-0.061677806
0.00826898
-0.054647177
-0.004513985
-0.000303346
-0.00950733
0.06039951
0.052410156
-0.031637836
0.030199755
-0.037070598
-0.012862858
0.003115848
-0.013901475
-0.008308927
-0.049214415
0.039946765
0.017177109
-0.022689763
0.004374171
-0.02940082
-0.025885504
-0.004793612
0.025725717
0.015978705
-0.042503357
-0.014061262
-0.02061253
-0.005872175
-0.02284955
0.012703071
-0.038828254
-0.000893809
0.00413449
-0.033235706
-0.024127847
-0.046338249
0.033555284
-0.031637836
-0.000938749
-0.017736364
-0.028282311
-0.028761672
0.012463391
-0.056564622
0.007589885
0.024926782
-0.066471413
-0.040745702
0.006990684
-0.014300942
0.032756347
-0.044740379
0.054008026
-0.036111876
-0.008628502
-0.000012951
-0.007589885
0.046977397
0.00679095
0.009866851
-0.042822931
0.019733703
-0.015659131
-0.007150471
-0.034194432
-0.024926782
0.055286326
-0.012623178
-0.071904175
0.009986691
-0.019334234
-0.026205078
0.02061253
-0.049214415
0.030199755
0.000121089
0.007949406
0.030838903
0.069986731
0.007949406
0.023488699
0.004034623
-0.010466052
0.018455405
-0.003934756
-0.037070598
0.037070598
-0.028761672
0.001228363
-0.004733691
0.035632513
-0.002426766
0.003615182
-0.00950733
-0.014540623
0.001887485
0.021251678
0.03483358
-0.032117199
-0.036751024
-0.022210402
-0.068069287
0.029720394
0.000674102
-0.018215725
-0.028761672
0.039627191
-0.042822931
-0.037549958
-0.014620516
-0.01494009
0.017097216
-0.009986691
0.016537961
-0.041864209
0.019414127
0.044420805
0.021731041
-0.006511323
0.003575236
0.041864209
-0.013741688
0.018055938
0.013102539
0.021411465
0.059440788
-0.044420805
-0.024607208
0.021091891
0.033715069
0.015019984
0.061677806
0.038348895
0.018215725
0.019973382
-0.037549958
0.007310258
-0.001967378
-0.015419452
-0.068708435
0.014860197
-0.026524652
-0.042503357
-0.021411465
0.011424775
-0.018854873
-0.010386159
-0.032916132
0.009107863
0.023648486
-0.022689763
0.016218387
-0.045699101
0.041864209
0.024127847
0.026364865
0.015499345
-0.028282311
-0.040266339
-0.026045291
0.002916114
0.006910791
-0.03850868
-0.032916132
-0.050492711
0.000104236
-0.00425433
-0.040745702
0.000813915
-0.019653808
-0.008548608
-0.006990684
-0.020372851
-0.030838903
-0.051131859
-0.024607208
0.013262326
0.011664456
-0.002956061
-0.031318262
0.0543276
-0.018295618
0.028601885
0.002736354
-0.070945457
0.030199755
0.051451433
0.009747011
0.000100491
0.023328912
-0.011344882
-0.020133169
-0.024766995
-0.00679095
-0.043142505
0.012303604
0.0271638
0.014460729
0.000034173
0.036591236
-0.037709747
0.038348895
-0.067430139
0.045059953
0.015419452
0.043462083
0.012942752
0.009707063
-0.013502006
-0.028601885
0.054008026
-0.016777642
-0.012303604
0.025246356
0.003275635
0.050492711
-0.061038658
-0.015499345
0.025246356
-0.021571252
-0.044420805
-0.040426128
0.041544635
-0.008788289
0.022050615
-0.011904136
-0.012543284
0.042183783
0.007909459
0.006031962
0.007470045
-0.040266339
-0.011744349
-0.043781657
0.015339558
-0.027483376
-0.038029321
-0.019494021
0.009667117
-0.039946765
-0.02061253
0.0271638
-0.017496683
-0.061038658
0.002976034
-0.003715049
0.003195741
0.096511386
-0.060719084
0.012383497
0.005193079
0.023648486
-0.020772317
0.034034643
0.048894841
0.008508661
0.062636524
0.020292956
-0.018774979
0.013422113
0.020292956
-0.031158477
0.040106554
-0.003155794
0.002346872
0.007869513
-0.046018675
0.0556059
-0.022689763
0.012782965
-0.004494011
-0.037869532
0.009427437
-0.015179771
-0.076697789
0.041225061
0.006711056
-0.070306309
-0.000181009
0.002316912
-0.054008026
0.029241033
0.027323589
-0.057523344
0.009027969
-0.05880164
-0.030519329
-0.047936119
0.012063923
0.029241033
0.016138492
0.020772317
0.051451433
-0.006591216
-0.00543276
0.016537961
-0.034034643
0.013342219
0.038348895
-0.032117199
0.036271662
0.015179771
-0.055925474
0.01222371
-0.052410156
0.011025308
-0.02396806
-0.008388821
0.050173137
0.037869532
-0.013422113
-0.037230384
0.02284955
-0.017896151
0.005832228
0.011584562
-0.054008026
-0.031158477
0.035792302
0.006551269
0.043781657
0.000268392
0.035472728
-0.011264988
-0.007350205
0.025246356
-0.053368878
0.003675102
0.023648486
-0.053368878
0.01925434
0.006311589
0.001867511
0.016937429
0.011904136
-0.000823902
-0.060079936
-0.031637836
-0.033075921
-0.000074588
0.043142505
-0.040585913
0.062956102
0.008908128
0.007110524
0.047616545
0.034194432
0.010945414
0.014540623
0.017097216
-0.00667111
0.03850868
0.039307617
-0.005053266
0.018934766
-0.015579239
0.011264988
0.0271638
0.051451433
-0.044101231
0.034194432
0.040106554
-0.040905487
0.057523344
-0.02556593
0.017816257
0.006511323
-0.036111876
0.028761672
-0.009826904
-0.046018675
-0.022370189
-0.019813595
-0.012543284
0.007669779
0.101624571
0.006431429
-0.017097216
0.008189087
-0.003854863
-0.043142505
0.050173137
-0.058482066
-0.026684439
0.027962737
-0.021251678
0.034993365
-0.043142505
-0.018854873
0.015259665
-0.0271638
-0.030199755
0.015898813
0.079573959
-0.09203735
-0.034034643
0.018695086
-0.024287634
-0.020133169
-0.048894841
0.015579239
-0.023009337
-0.008908128
0.002017312
-0.030359542
-0.038668469
-0.004274304
0.001378163
0.014620516
0.012463391
-0.046657823
0.022210402
0.007789619
0.020213064
-0.076058641
0.059440788
-0.006311589
0.01470041
-0.001408124
-0.034034643
-0.020372851
-0.016617853
0.035472728
0.028921459
0.025406143
0.001657791
-0.043142505
-0.029560607
-0.003754996
0.005952068
0.007030631
0.017257003
-0.046977397
-0.007909459
0.015019984
-0.011904136
-0.028122524
0.056884196
0.024447421
0.001567911
0.000531791
0.022529976
0.029720394
0.023488699
0.007949406
0.014460729
-0.03195741
-0.023488699
-0.024287634
-0.053049304
0.041225061
0.011744349
-0.010466052
0.013741688
-0.041225061
0.008388821
-0.008109193
-0.016218387
-0.024127847
0.012862858
0.040106554
-0.028442098
0.051131859
-0.023009337
-0.038668469
0.023009337
0.003595209
-0.035952087
-0.047936119
-0.037869532
-0.013741688
0.031797625
-0.030519329
-0.005073239
-0.049853563
-0.010066585
-0.01741679
0.026205078
-0.032596558
0.008069246
0.014620516
-0.03691081
0.049533989
-0.011185095
0.058482066
-0.020292956
-0.013422113
0.031797625
0.003495342
0.035153154
0.071584605
0.033555284
0.014460729
0.021411465
0.0271638
-0.053049304
-0.008508661
0.021571252
-0.002476699
-0.015499345
0.010186425
-0.011424775
-0.024926782
0.018215725
0.035472728
0.025246356
-0.047936119
0.03978698
-0.021731041
-0.01925434
0.032596558
-0.004613851
0.001038616
0.000386984
-0.027962737
-0.000017321
0.039467406
-0.010186425
0.002296939
-0.006950737
0.038189106
-0.044420805
-0.022050615
0.022529976
-0.006031962
-0.024287634
0.019573914
-0.019813595
-0.009707063
0.016857535
-0.021890828
-0.024926782
-0.044740379
0.004234357
0.009067915
-0.054647177
0.021571252
0.015339558
0.018854873
-0.043142505
-0.059121214
-0.019653808
-0.015099877
-0.066151842
0.008388821
0.042822931
0.046018675
-0.046657823
-0.032596558
-0.015579239
0.012862858
-0.022210402
0.056884196
0.037070598
-0.014300942
0.029241033
-0.005472707
-0.003535289
0.018455405
0.013502006
-0.000511818
0.021571252
0.036271662
0.018215725
-0.031637836
-0.004494011
0.003615182
-0.079893529
-0.012862858
-0.025406143
-0.018774979
-0.002087218
-0.015499345
-0.015659131
-0.048894841
0.008788289
0.007230365
-0.000086759
0.048575267
-0.036751024
0.008229033
0.007949406
-0.021091891
0.003155794
0.029081246
-0.008628502
-0.000918776
0.021411465
0.016458066
-0.009906798
-0.062636524
-0.010865521
-0.035472728
-0.048255693
-0.032596558
-0.005792281
0.026045291
-0.00141811
0.004813585
0.053049304
0.012703071
0.0543276
0.022050615
0.01901466
0.02556593
-0.030359542
0.082450122
0.035632513
-0.005073239
-0.018695086
-0.017017322
0.021091891
-0.05720377
0.028921459
-0.010146478
-0.065193117
-0.030039968
0.006910791
-0.023648486
0.001667777
-0.060079936
-0.038668469
-0.048894841
-0.028442098
0.065512694
0.005013319
0.014540623
-0.007390152
-0.008588554
-0.026844226
-0.005712388
-0.022529976
-0.030359542
-0.015499345
0.009747011
0.031478051
0.010785626
0.026364865
-0.008988022
0.037869532
-0.043462083
-0.019813595
-0.013741688
0.029241033
-0.040426128
-0.028601885
0.049853563
0.054647177
0.010705733
-0.063914821
-0.003035954
0.023488699
0.007070578
0.011424775
0.047616545
-0.000354528
-0.040426128
-0.019174447
-0.01925434
-0.023009337
0.049533989
0.00679095
-0.03691081
0.001258323
-0.031478051
0.027483376
0.023009337
-0.044740379
0.021091891
-0.026364865
-0.068388864
-0.051451433
0.05720377
0.044740379
0.021091891
0.009866851
-0.020932104
0.009946745
0.053049304
0.015659131
-0.044420805
-0.001203396
0.057842918
0.064873546
-0.055925474
-0.004374171
0.035952087
-0.010945414
-0.043142505
0.023328912
-0.046977397
0.038189106
0.013981368
0.005352866
0.027323589
0.02061253
0.054966751
0.054966751
0.004334224
0.010705733
-0.035632513
-0.055286326
0.006111855
-0.006591216
0.067110568
-0.038828254
0.016298279
0.053368878
0.024607208
0.006151802
-0.029241033
0.035632513
-0.043781657
0.011904136
0.033555284
0.022689763
-0.009786957
-0.021091891
-0.004673772
-0.012383497
0.012063923
-0.026844226
-0.036271662
0.020452743
0.065193117
0.007629832
-0.024926782
-0.003655129
0.034034643
0.071584605
-0.006351536
0.023488699
0.058162492
-0.017976044
0.03195741
-0.011424775
-0.064234398
0.009067915
-0.065832265
-0.022529976
-0.011105201
0.020932104
-0.008748341
0.018375512
0.014460729
0.020292956
0.038029321
0.002237019
0.015579239
0.025725717
-0.02061253
-0.003295608
0.024926782
-0.03691081
-0.036271662
-0.0135819
0.019494021
-0.060719084
-0.013422113
0.012623178
-0.030199755
0.013821581
0.009547276
-0.075739063
-0.00950733
-0.015019984
0.007829566
0.019414127
-0.010945414
-0.045059953
-0.020452743
0.004793612
-0.01494009
0.055286326
-0.041225061
-0.001687751
0.062316954
-0.008628502
-0.064873546
-0.011664456
0.002117179
-0.007589885
-0.012143817
0.005712388
0.00002918
0.008308927
-0.033555284
0.004633825
-0.005472707
0.022210402
0.051771007
0.051771007
0.006151802
0.020772317
0.058162492
0.007110524
-0.037869532
0.004474038
-0.012463391
0.038029321
-0.014780303
-0.020932104
0.045699101
0.003435422
-0.037390172
0.079893529
0.028921459
-0.022370189
-0.073502049
-0.013422113
-0.041225061
-0.047296971
0.03483358
0.057842918
0.00401465
0.011025308
0.018375512
0.00283622
-0.032436773
0.050173137
-0.013981368
0.003315581
0.056564622
0.028282311
0.013901475
-0.009946745
-0.05720377
-0.001777631
0.078934811
0.03643145
0.004613851
0.002366846
0.034194432
0.005912121
0.019733703
-0.038189106
-0.004633825
0.001378163
0.006151802
-0.054966751
-0.023169124
0.000559255
-0.012782965
-0.010026638
-0.011105201
-0.009707063
-0.013022645
-0.032596558
0.049214415
-0.007230365
-0.003375502
0.058162492
-0.020452743
0.015419452
-0.017576577
0.017976044
0.009747011
0.069667161
-0.021571252
-0.014460729
0.002556593
-0.007430098
0.024287634
-0.038029321
-0.021091891
-0.02284955
0.0271638
-0.01765647
0.026045291
0.05272973
0.022210402
0.025725717
-0.007989353
0.037709747
0.003255661
0.012703071
0.028921459
-0.001488017
0.059121214
0.01470041
-0.037549958
-0.004873505
0.007190418
0.013422113
-0.049533989
0.050173137
0.029880181
0.030039968
-0.019813595
0.009547276
0.104181163
0.041864209
0.001038616
0.011584562
0.02556593
0.0271638
-0.005712388
-0.000549268
0.001657791
-0.039946765
0.026205078
-0.011105201
-0.035472728
-0.028921459
-0.025725717
0.031637836
-0.029880181
0.027643163
-0.02780295
-0.013981368
0.029241033
0.013502006
-0.037869532
0.042822931
-0.005912121
-0.000649135
-0.020452743
-0.003994676
0.002696407
0.005272973
-0.065512694
-0.014780303
0.014221049
-0.010466052
0.005193079
-0.015419452
0.067430139
0.023328912
0.025725717
0.005352866
0.042503357
0.007949406
-0.028122524
0.007749673
-0.059440788
-0.023488699
-0.001597871
0.038828254
0.008388821
0.012623178
0.003275635
0.021731041
0.009786957
-0.101624571
0.009946745
-0.016218387
-0.040905487
-0.004993346
-0.033075921
0.076058641
0.005952068
0.033874858
0.020053277
-0.010386159
-0.018854873
0.001597871
0.010945414
-0.067749716
0.024127847
0.009786957
0.023328912
-0.015818918
0.01198403
0.025885504
0.021890828
0.016537961
0.009107863
-0.001243343
-0.030359542
-0.000704062
0.006191749
