voyage-4:a45bac81bd98237fc86afaa1dda5dc0328e7c50428fe13f2a5809e8227c83ecf
0.015430004
-0.057862516
-0.019287504
-0.033085492
0.0060088
0.000612007
0.02210645
-0.008827743
0.005341155
0.010608128
-0.017729668
-0.018397313
-0.045103092
-0.01364962
-0.021809718
-0.022699911
0.039168473
0.005304064
0.074182712
0.007974641
-0.003801864
-0.039761934
-0.016839476
-0.021216257
0.019584237
-0.025667218
0.020177698
0.010830676
-0.032492027
0.045103092
0.040355396
-0.01313034
-0.038575009
-0.021512987
0.043025974
0.017655486
-0.068544827
0.003987321
0.010088849
0.021216257
0.021809718
-0.041839052
-0.020919526
0.006379713
-0.009309931
-0.063500404
0.005415338
-0.013278706
-0.013872168
0.005860434
-0.034420781
0.014168899
-0.079523869
0.010237214
-0.041542318
0.022254813
0.030563278
-0.025370488
0.009792118
0.023145007
-0.018694045
0.008716469
-0.017062023
0.002930217
0.012907792
0.026854143
0.019880967
-0.022403179
0.043025974
0.065280788
0.006602262
-0.008531012
-0.014168899
-0.005266973
-0.000602735
-0.009198656
0.037833184
-0.004191323
-0.045993283
-0.027002508
0.010459763
-0.005563703
0.040948857
-0.036052801
0.036646262
0.029376354
-0.004321143
-0.013797984
-0.029969817
0.039168473
0.009309931
0.016616927
0.005007333
0.017878033
0.011795051
0.000089831
-0.047180206
0.010385579
-0.012981975
-0.048960589
-0.039465204
0.017284572
-0.077150017
-0.024480294
-0.001594928
0.011943418
-0.020177698
0.015875101
-0.02729924
-0.028189432
0.031008374
0.043619435
0.011646685
-0.034420781
0.040948857
-0.043916166
-0.044509627
-0.048367128
-0.003838955
0.010830676
-0.003894592
-0.044509627
0.023738468
-0.006082983
-0.045696549
-0.006453896
-0.041245591
0.037091356
-0.032788757
-0.012536878
0.008382646
0.041542318
0.035162609
-0.009643752
-0.001071013
0.010014666
0.012685244
-0.00044046
-0.030860009
0.039465204
-0.03738809
-0.026854143
0.005081516
0.061126556
-0.009643752
0.027447604
0.058159251
-0.018545678
-0.004154232
0.007566636
0.000200525
-0.07477618
-0.008011733
-0.040948857
-0.0596429
0.07358925
0.002818943
-0.006045891
-0.044509627
0.025073756
-0.026557412
-0.026854143
0.042729244
-0.017803852
0.041839052
-0.02210645
0.027447604
-0.033382222
0.000178502
0.016691111
0.020029332
0.004080049
-0.028931258
0.029673085
0.021364622
-0.0180264
0.013352888
0.0030044
0.037684817
-0.023738468
-0.035459336
-0.020029332
0.042432513
-0.021661352
0.06320367
0.072105601
0.039761934
-0.027002508
-0.016171832
-0.009050291
0.032937124
0.011646685
-0.090206183
0.003245494
-0.006787718
-0.049554054
0.010979041
0.025222123
-0.070918672
-0.009272839
-0.049554054
0.008234281
0.01721039
0.032492027
0.008531012
-0.046586741
0.035756066
0.020177698
0.013204523
0.003616407
-0.047180206
-0.052818093
0.041245591
-0.008234281
0.010979041
-0.006936084
-0.038278282
-0.057862516
0.031305104
0.005266973
-0.039465204
-0.028486161
-0.016616927
0.013797984
-0.020622795
-0.01557837
-0.018842408
-0.031156739
-0.012165966
0.036349528
-0.001900932
-0.054895207
-0.039761934
0.076556563
-0.057862516
0.038575009
0.037536453
-0.050740976
0.015207456
0.046290014
0.028634528
-0.010237214
-0.029673085
0.003950229
-0.006194257
0.007418271
0.034272414
0.027447604
-0.012981975
-0.020919526
-0.007826276
0.008197189
0.009717936
0.006490988
-0.013278706
-0.008345556
0.009792118
0.010088849
-0.005341155
-0.0180264
0.0180264
-0.010459763
-0.029969817
0.070918672
-0.009495387
-0.051927902
0.006528079
-0.012981975
0.030563278
-0.068544827
-0.012240147
-0.022403179
-0.05459848
-0.040948857
-0.006268439
0.046586741
-0.012536878
0.003449496
-0.024480294
-0.048070397
0.020474428
-0.006194257
0.012611061
-0.046586741
0.006305531
0.013872168
-0.032492027
-0.011053225
0.010830676
-0.017062023
-0.017358756
0.006973175
-0.061423283
0.019435871
-0.008160098
0.004395326
-0.051631168
-0.041839052
0.027447604
0.028931258
0.097921178
-0.037536453
0.012907792
0.070621945
-0.009495387
0.011720869
0.02626068
0.074479446
0.019584237
0.03738809
0.027447604
0.02462866
-0.003152765
0.049554054
0.006045891
0.015207456
0.017729668
-0.021661352
-0.028634528
-0.019435871
0.01721039
-0.017581305
0.066170983
0.001483654
-0.001956569
0.010088849
-0.036349528
-0.028041065
0.049850784
-0.013872168
-0.022254813
0.013278706
-0.033678953
-0.016320197
0.035459336
0.01424308
-0.040058665
0.000778919
-0.061423283
-0.005526613
-0.042729244
0.021661352
0.011720869
0.00656517
0.005600795
0.004469508
-0.047476936
0.000723281
-0.041839052
-0.035459336
0.060533091
0.034717511
-0.023145007
0.028634528
0.033678953
-0.040058665
0.025370488
0.003838955
0.002021479
-0.009717936
-0.029376354
0.006194257
-0.031750202
-0.050740976
-0.010756494
0.003857501
-0.042729244
0.022403179
-0.006416805
-0.062906943
-0.046290014
0.021661352
0.001233288
0.046290014
0.039761934
-0.000394096
-0.045696549
-0.002596395
0.008234281
-0.012091782
-0.003078582
0.00244803
-0.021067891
-0.006157165
-0.011720869
0.007195723
0.00574916
0.022403179
0.001530018
-0.000394096
-0.036794625
-0.032788757
0.010533946
0.001975115
-0.062313478
0.037981547
0.009717936
-0.002151299
0.028337797
-0.018174764
0.010237214
0.023886835
0.021512987
0.000574916
0.018471496
-0.00738118
-0.017507119
-0.02210645
-0.026112316
-0.021958083
0.00738118
0.059346169
-0.075369634
0.041245591
0.00382041
-0.009643752
0.014688177
0.003727681
-0.002800397
0.00956957
-0.069138288
0.007789185
0.0090132
-0.027744336
-0.006750627
0.017581305
-0.025370488
0.019732602
0.050147511
0.002234754
-0.038871743
0.021364622
0.007084449
0.003801864
-0.005971709
-0.035756066
0.004321143
-0.018100582
0.00656517
0.02462866
-0.000625917
-0.020622795
-0.001159105
-0.042729244
-0.024183564
0.013352888
0.029227989
-0.033233855
-0.024480294
0.038575009
-0.010608128
0.001817477
0.017952217
0.036942992
0.024777027
0.003616407
-0.011646685
-0.020177698
-0.018990774
0.003987321
-0.019880967
0.02210645
-0.018100582
-0.043322705
0.050147511
-0.023590103
-0.045696549
-0.028337797
0.061423283
0.01231433
0.005378247
0.004284052
0.000783555
-0.019732602
-0.046586741
0.049257319
0.041245591
-0.002271845
0.008901926
-0.016320197
0.008011733
-0.035162609
0.014910725
-0.009124474
0.003449496
-0.040355396
-0.009643752
0.002355301
-0.025963951
-0.029376354
0.016246013
0.021364622
0.010830676
-0.017507119
0.020177698
0.050147511
0.031601835
0.020771159
0.003968775
-0.013352888
-0.0321953
-0.014613994
-0.009495387
-0.007529546
0.002930217
0.015207456
0.048960589
-0.007010266
0.006861901
-0.005489521
-0.010904859
0.004729148
-0.003913138
0.020177698
-0.034420781
-0.016023466
0.025073756
-0.030860009
0.034272414
-0.01609765
-0.046883475
-0.036794625
-0.014984909
-0.059049442
0.038575009
0.002197663
0.004080049
-0.050444245
-0.04777367
-0.005823343
0.033678953
-0.028782893
0.00875356
0.025222123
-0.01609765
0.068544827
-0.028931258
0.071215406
-0.02329337
-0.016765293
0.050444245
-0.008197189
-0.003393859
0.050147511
0.003208402
0.014465629
0.056972321
0.0180264
-0.049554054
-0.031453472
-0.009866301
-0.008493921
-0.02626068
-0.003987321
0.005563703
-0.003987321
-0.002652032
0.009792118
0.009458296
-0.07477618
0.011572503
-0.043322705
-0.02462866
0.062016748
-0.013427071
-0.047476936
-0.008085916
0.031601835
-0.018619861
0.022551546
-0.041839052
-0.019287504
-0.033382222
0.057269055
-0.016320197
-0.051037703
0.014688177
0.008493921
-0.033382222
0.020474428
-0.06646771
-0.004729148
0.009124474
-0.025073756
-0.044509627
-0.036349528
0.033530585
-0.020771159
-0.068248093
-0.031601835
-0.002160572
0.036052801
-0.064984053
-0.0442129
0.002540758
0.026854143
-0.044509627
0.019139141
0.055488672
0.008085916
-0.043916166
-0.003801864
0.008011733
0.008085916
-0.039168473
0.034717511
-0.005934617
0.010904859
0.020029332
0.033233855
-0.038278282
-0.009792118
0.041245591
-0.040058665
0.048070397
0.047476936
-0.024480294
-0.020177698
-0.016839476
-0.011424137
-0.006973175
-0.025815584
-0.010014666
-0.015652552
-0.039761934
-0.00682481
-0.028041065
-0.016691111
0.002577849
0.008345556
-0.043322705
0.045399822
-0.029376354
0.041542318
0.031898566
-0.007900459
-0.011720869
0.010237214
0.025370488
0.017062023
0.040652126
0.070325218
-0.010385579
-0.036052801
-0.036497895
-0.053114824
-0.019287504
0.000176184
-0.028931258
-0.004488054
0.023145007
0.030563278
0.040948857
-0.00163202
0.014168899
0.009717936
0.039465204
0.019880967
-0.000048682
0.038278282
0.059346169
-0.033233855
-0.000172707
-0.052224632
0.011646685
-0.091986567
-0.001288925
-0.007158632
-0.078930408
-0.040058665
0.027595969
-0.013946351
0.00244803
-0.019732602
-0.027150873
-0.023738468
-0.083084635
0.021809718
-0.01364962
0.022403179
-0.049554054
0.017284572
-0.0180264
-0.006973175
-0.040058665
-0.043025974
-0.010014666
-0.00287458
0.063797131
-0.001910205
0.027002508
0.01364962
-0.034420781
-0.031750202
0.011053225
0.001001467
0.084271565
-0.006120074
-0.037833184
0.019732602
0.052521359
0.008939017
0.003597862
0.006750627
0.043322705
-0.024183564
0.016023466
0.010311398
-0.033382222
-0.034272414
-0.020029332
-0.067061171
-0.017284572
0.036497895
-0.003857501
0.003301131
0.017358756
0.021809718
0.007752093
0.055785403
-0.018397313
0.048367128
-0.025073756
-0.023145007
-0.005044424
0.01609765
0.008531012
-0.009717936
-0.007826276
-0.026112316
0.037239723
-0.023590103
-0.027002508
-0.018174764
0.006453896
0.043025974
0.00033614
-0.043322705
-0.02329337
0.015355821
-0.019287504
0.001075649
0.022254813
0.007529546
-0.020326063
-0.014465629
-0.017507119
0.075369634
0.017878033
0.032343663
0.072995789
-0.037684817
0.004005867
-0.010163032
-0.054301746
0.019880967
-0.030563278
0.028634528
-0.014020532
0.020474428
0.043322705
-0.002030752
-0.021512987
-0.010163032
0.015875101
-0.013872168
0.027595969
0.042432513
-0.000658372
-0.044806357
-0.035607703
-0.013056158
-0.021512987
-0.008976108
-0.036052801
0.02210645
-0.0030044
0.029227989
0.072105601
-0.012240147
0.018397313
0.057565786
0.108603492
-0.026112316
0.008271373
0.077150017
-0.043619435
0.064687327
-0.006861901
-0.027002508
0.007974641
-0.016171832
-0.034272414
-0.030860009
0.016987842
-0.030414913
0.043322705
0.02329337
0.016246013
0.031305104
0.006194257
0.034865875
0.014465629
0.017655486
0.017655486
-0.00656517
-0.0442129
-0.080710791
-0.040058665
0.015281639
-0.011498321
-0.01691366
0.049257319
0.038575009
-0.015355821
0.00424696
-0.051927902
0.006898992
0.025815584
0.002049297
-0.000709372
-0.007974641
-0.039168473
0.006453896
0.024480294
0.019435871
-0.033678953
-0.102075405
-0.042432513
0.086051948
-0.018471496
-0.026112316
-0.004858968
-0.014984909
0.00574916
0.005526613
-0.00767791
0.025518851
0.014465629
-0.045399822
-0.024925392
0.020474428
0.045103092
0.008716469
0.027150873
0.02462866
-0.056082129
0.046883475
0.018842408
-0.040355396
-0.020177698
0.056378864
-0.004154232
0.011720869
0.019880967
-0.001715475
-0.004858968
-0.030563278
0.036794625
0.035310972
0.00044046
0.012091782
0.001956569
-0.009161565
0.00099683
-0.010904859
0.085458487
-0.029524721
0.000653735
0.056082129
0.054005016
0.07477618
0.022403179
-0.025815584
-0.013278706
0.057862516
-0.007269906
0.029673085
-0.010459763
-0.068841562
0.003746227
0.044509627
0.07358925
-0.001761839
-0.063500404
0.055488672
-0.034124047
0.012536878
-0.021958083
0.006676444
0.012240147
0.008382646
-0.009940484
-0.034124047
0.004358234
0.002948763
-0.013723802
0.016839476
-0.00130747
-0.020326063
-0.000820646
0.046883475
-0.009792118
-0.028634528
0.026112316
0.010608128
0.006231348
-0.022848275
-0.017655486
0.02982145
0.036646262
-0.034124047
-0.078930408
0.006898992
0.012165966
0.027447604
-0.035310972
-0.040948857
-0.003301131
0.017432937
-0.018990774
0.036201164
0.044806357
0.019732602
0.003449496
-0.022699911
-0.019287504
-0.014465629
0.043916166
-0.036201164
0.037684817
0.048367128
0.025963951
-0.034124047
-0.018471496
-0.053114824
-0.014168899
-0.030266546
0.052521359
0.004321143
-0.021216257
-0.031008374
-0.0180264
0.062906943
0.023441738
0.012462696
0.022699911
-0.006157165
0.042135783
-0.009309931
-0.000101422
0.008197189
-0.014094716
0.00956957
-0.005081516
0.006602262
0.005823343
0.00053087
0.026705775
-0.048663862
0.00218839
-0.030266546
0.017136207
0.070621945
0.028337797
-0.010459763
0.038278282
0.003727681
0.014391446
0.018916592
-0.012240147
-0.018619861
-0.011053225
-0.041542318
-0.00244803
0.007047358
0.013501254
0.032492027
-0.031305104
0.050147511
-0.024480294
0.007269906
-0.00956957
0.024925392
0.029079625
0.019139141
0.007158632
-0.035904434
0.008568103
-0.030266546
0.029376354
0.024777027
0.035756066
-0.017803852
0.010385579
-0.024480294
-0.045399822
0.028634528
-0.006639353
-0.042432513
-0.010385579
-0.003356768
0.038575009
-0.011275773
0.036497895
0.059346169
-0.024777027
-0.005452429
0.001103468
-0.010682311
-0.093173482
0.014465629
-0.011349956
-0.004821876
-0.005229881
-0.000644462
-0.009198656
0.031898566
0.015430004
0.0180264
-0.052224632
-0.032788757
-0.020177698
0.009087382
