voyage-4:2a75ee1844fd16a150d3bc7c319a8cc40bd6bdc324ee6e24a977905ca0c04e55
0.022150848
0.018225381
0.048227165
-0.065891765
-0.006378883
0.046544824
-0.046544824
0.070097618
0.024674363
0.001857587
0.00855191
-0.025515534
0.036731154
0.005047028
-0.009322983
0.049909506
0.046264432
-0.035189003
0.01591216
0.046264432
-0.000523542
-0.027197877
0.001717392
0.001945209
-0.037291933
-0.012547474
-0.028039047
0.017524404
-0.028459633
-0.004486248
0.027478267
0.002856478
-0.026356705
-0.006624225
-0.023833191
0.037011545
-0.024393972
0.032244906
-0.049629115
0.038133107
-0.010514643
0.004731589
-0.001209184
-0.008446763
0.002558563
-0.031684123
-0.034628224
-0.012617572
-0.044301696
-0.022150848
-0.016332746
-0.030983148
0.004346052
0.008271519
-0.012827865
-0.009953862
-0.023833191
-0.011636206
0.024814557
-0.002733807
-0.027057681
0.014440109
-0.011986693
0.031403735
-0.004591394
0.030001782
-0.009953862
-0.010795034
0.036170375
-0.020328309
-0.020328309
-0.018505773
-0.004486248
0.001042702
0.044862479
0.0353292
-0.007009762
0.000061062
-0.000018757
-0.01002396
0.044582088
0.02004792
0.010724937
-0.037852716
0.007535494
0.000841171
-0.037291933
-0.019487139
-0.002838953
0.043460526
0.005572761
0.023412606
0.053834971
0.043460526
0.031964514
-0.020748895
-0.038413495
0.018926358
0.029581197
-0.020748895
-0.058321219
0.046544824
-0.056919266
0.007325202
0.004521297
0.042058572
0.020468505
0.038133107
-0.010514643
-0.025515534
-0.001542148
-0.001305568
0.003154393
-0.007290152
0.002558563
-0.010094057
-0.022150848
-0.010444545
-0.019627333
0.041778181
-0.024814557
-0.04570365
0.063368246
-0.005853151
-0.011636206
-0.012056791
-0.014089622
0.033086076
-0.0529938
-0.007395299
0.022150848
0.015141087
-0.007605592
0.028179243
0.031263538
-0.016402842
-0.019066554
0.002111691
0.022571433
0.056638874
-0.010514643
-0.004801687
-0.005257322
0.031824321
-0.005748005
0.035889983
-0.027618462
-0.00560781
-0.036731154
0.023272412
0.05215263
-0.024253778
-0.04093701
-0.009252886
-0.025375338
-0.021309678
0.006273737
-0.0264969
-0.026356705
0.012126889
-0.002278173
-0.017314112
0.031543929
-0.032945883
0.019346943
0.042619355
0.089724958
0.049629115
-0.00353993
0.017734697
0.025375338
0.023973387
-0.030983148
0.000731644
-0.008061226
0.024954753
-0.048227165
-0.018926358
0.058882002
-0.036731154
0.000202626
-0.006589176
0.023552801
-0.02088909
-0.055517312
0.03448803
0.004626443
0.00131433
0.008586958
-0.033927247
-0.010724937
0.01121562
-0.037572324
-0.008622007
-0.024253778
0.00736025
-0.058040828
0.002768856
-0.085799493
-0.01121562
-0.069536835
-0.001305568
0.025235144
0.033506662
0.038413495
-0.017874895
-0.009953862
-0.038974278
0.04093701
0.008026178
-0.035189003
-0.019206747
-0.006028396
-0.021449873
-0.021449873
-0.024814557
0.003504881
-0.084117144
0.021870458
-0.024253778
-0.007185006
-0.004240906
-0.037572324
-0.002278173
0.003347161
0.002453417
-0.052713409
-0.107109159
0.01149601
0.029300807
-0.050750677
-0.022851825
0.003715174
0.033927247
0.039254665
-0.009112691
-0.023973387
-0.019346943
0.005712956
-0.005047028
0.045142867
-0.007885982
-0.019066554
0.004976931
0.035749789
-0.004836736
0.011425912
-0.059442785
-0.014089622
-0.054676142
-0.00322449
0.004170808
0.008867349
0.047385994
-0.033927247
-0.0323851
0.031263538
0.005677907
-0.003802796
-0.022010652
-0.063648641
-0.033086076
-0.032945883
0.031403735
-0.0002782
0.012827865
-0.005537712
-0.009463179
-0.008762202
0.036450762
-0.004556345
0.000554209
-0.006203639
-0.030562563
0.012477376
0.025235144
0.008026178
-0.030842954
0.005537712
-0.000573924
0.008166373
-0.032945883
0.013528841
0.021169482
0.019346943
0.008797251
-0.019066554
0.018645966
-0.004976931
0.053274192
0.005712956
-0.083556361
-0.009953862
0.006273737
0.035889983
-0.017944992
-0.037011545
0.050470289
-0.060283955
0.030141978
0.014580305
-0.037572324
-0.026356705
-0.036731154
-0.034067445
-0.019346943
0.017314112
0.039254665
0.023132216
0.041217402
0.030001782
-0.001761203
0.003610027
0.02299202
0.019346943
0.041217402
-0.013669035
0.010935229
-0.005432566
-0.128418848
-0.025795924
0.012126889
0.004521297
-0.021730263
0.029861588
0.023692997
-0.033646856
-0.036731154
0.002164264
-0.006203639
0.002330746
-0.00234827
0.011566108
-0.057480045
0.005362468
-0.014229816
-0.007500445
-0.00322449
-0.011776401
0.014229816
-0.023132216
0.012827865
0.0529938
0.014159719
0.031684123
-0.002470941
-0.008026178
0.020748895
0.006519079
-0.02299202
-0.023132216
0.015561672
0.005327419
-0.035189003
-0.023412606
-0.070938788
0.022010652
-0.01149601
-0.024814557
0.022150848
0.004398625
0.047385994
-0.01121562
-0.02677729
-0.049909506
0.039535057
0.003837845
-0.044862479
0.029861588
0.003014198
-0.048227165
0.037852716
0.036731154
0.036170375
-0.032104712
-0.033646856
-0.023973387
-0.01030435
-0.013528841
0.036170375
-0.011706303
-0.01296806
0.000814885
-0.031123344
-0.01619255
-0.024253778
0.066732936
-0.054676142
-0.006694322
0.016472941
-0.002698758
-0.026216511
0.024253778
0.05355458
-0.021029286
0.015000891
0.024814557
-0.011986693
0.035889983
0.008096275
-0.025375338
0.017173916
0.001699867
0.015421477
0.025235144
-0.010654839
-0.051031068
-0.065891765
-0.029721392
0.003610027
0.024814557
-0.027618462
0.000841171
-0.001375666
0.042058572
-0.013458743
0.048227165
-0.001621007
0.013038157
0.006273737
-0.06981723
0.03322627
0.035749789
-0.041217402
-0.004013089
-0.027618462
0.002646185
-0.009182788
0.036450762
-0.043460526
0.068134889
0.023272412
-0.011776401
0.031824321
0.026917486
-0.033646856
-0.048227165
0.019066554
0.004696541
-0.0147205
0.00736025
-0.023412606
0.017033722
-0.014089622
-0.040656619
0.021870458
0.012687669
-0.033927247
-0.001340617
-0.0058882
-0.042899746
0.050189897
0.014019524
-0.002094166
0.021169482
0.008271519
0.007745787
0.010935229
-0.020468505
-0.053834971
-0.005187224
0.00501198
0.017734697
-0.014089622
-0.015631769
0.042899746
0.000143481
-0.009182788
0.030983148
-0.005712956
0.028179243
-0.000705357
-0.003855369
0.002278173
-0.003347161
0.04093701
-0.013669035
0.035889983
-0.015631769
-0.015982257
0.027338071
0.001813776
0.004275955
-0.030141978
-0.001384428
-0.023272412
-0.040656619
0.030983148
-0.022571433
-0.002909051
-0.019206747
-0.043460526
-0.034347832
-0.055517312
-0.020188114
0.06981723
0.010865131
0.024534168
0.039535057
-0.015070989
-0.013038157
-0.000433729
0.015982257
0.013879328
0.019627333
0.019907724
0.037852716
-0.018926358
0.018365577
0.047385994
-0.006834518
-0.021169482
0.059162393
0.0058882
-0.081313238
-0.039815448
-0.016963623
-0.018645966
-0.00767569
0.009813666
0.001428239
0.060844734
-0.070658401
-0.017524404
0.000766693
-0.017524404
-0.051031068
0.024113582
-0.02677729
-0.026356705
-0.021169482
0.061685909
-0.04009584
-0.01591216
-0.007500445
-0.008481812
-0.040376227
0.053274192
-0.009603374
-0.029160609
0.026637096
-0.024253778
-0.021590067
0.027057681
0.002278173
0.020608701
0.035889983
0.051031068
-0.046264432
-0.003154393
-0.001428239
-0.032244906
0.005712956
0.021309678
0.016052356
0.006448981
0.035189003
0.077387773
-0.000041894
-0.013528841
0.001419477
-0.030422367
0.01324845
0.015491574
-0.018926358
-0.015491574
0.002909051
0.044301696
0.020328309
-0.007079859
0.023973387
0.017874895
0.009673472
-0.028179243
-0.048507556
-0.019346943
0.06561137
-0.033927247
-0.019346943
-0.008341617
0.043740917
-0.013809231
-0.032665491
-0.012827865
-0.009813666
0.01030435
-0.014370011
-0.013669035
-0.014650404
0.054676142
-0.019346943
0.02088909
0.021449873
-0.050750677
-0.020468505
0.00501198
-0.041778181
0.030562563
0.000383346
0.029721392
-0.043740917
0.019206747
-0.054115362
0.019206747
0.025936119
0.042899746
0.019066554
0.017594501
-0.006729371
0.0353292
-0.030282173
-0.029861588
0.04009584
-0.002488466
0.091968082
0.006448981
-0.021169482
-0.008902397
0.025936119
0.005572761
-0.039815448
-0.008797251
-0.004188333
-0.052713409
0.012056791
-0.024954753
-0.014650404
-0.004065662
0.021029286
0.037852716
0.004906833
0.056358486
-0.044582088
0.018645966
0.007570543
-0.033366468
-0.017103819
0.075705431
-0.007570543
0.023692997
0.020328309
0.023833191
0.010584741
-0.011566108
-0.001542148
-0.040656619
-0.026917486
-0.05215263
0.058601614
0.019487139
0.00382032
0.018365577
0.042338964
0.033086076
0.040656619
0.019767528
0.031684123
0.006098493
-0.023833191
0.062246688
0.07682699
0.003592503
-0.023132216
-0.039815448
-0.049909506
-0.059442785
0.043740917
-0.004275955
0.00322449
-0.022571433
0.018365577
0.024814557
-0.022431239
-0.00043811
0.005502663
-0.025795924
-0.006378883
0.056358486
-0.004381101
-0.006098493
-0.021029286
0.027478267
-0.006519079
-0.009603374
-0.005152175
0.008972496
0.034908615
0.00441615
0.037572324
-0.034628224
-0.008166373
0.020748895
0.044862479
-0.046544824
-0.086921051
-0.01030435
0.010724937
-0.015842061
-0.029160609
-0.00191016
0.067854494
0.042058572
0.029020414
-0.020188114
0.04009584
-0.033927247
-0.065050595
-0.033927247
-0.060564347
-0.002120453
-0.033927247
-0.009393081
0.004906833
0.014019524
0.024393972
0.009533277
0.023132216
0.004871785
0.041497789
0.049909506
-0.015141087
0.035189003
-0.050189897
-0.050470289
0.070658401
-0.039254665
0.005502663
0.00338221
-0.024393972
0.007500445
0.04093701
0.008201421
0.013458743
-0.041778181
0.0529938
-0.011846499
-0.015211184
-0.06897606
0.043460526
-0.009393081
0.015982257
0.026356705
-0.030702759
-0.008166373
-0.017454308
0.023552801
-0.008902397
0.071779966
0.017173916
0.020748895
0.075144649
-0.048227165
0.031123344
0.044582088
-0.039254665
-0.013108255
-0.010654839
0.032805685
-0.061966296
0.031824321
0.083556361
-0.007044811
0.019206747
-0.001401952
0.075144649
-0.047946773
0.021169482
0.003627552
-0.009463179
0.058601614
-0.009393081
0.029861588
-0.0147205
-0.01296806
-0.008797251
-0.012617572
0.000073931
0.01030435
0.05215263
0.009322983
-0.009182788
-0.032665491
0.056078095
0.026917486
0.064770199
0.018085187
-0.021169482
-0.004153284
-0.021449873
-0.019767528
-0.02565573
-0.040656619
-0.015491574
-0.06561137
0.028599828
-0.020748895
0.047385994
0.018505773
-0.042058572
0.033086076
-0.009813666
0.022291044
-0.055797704
-0.007710739
0.015701868
0.029160609
-0.031123344
-0.038413495
-0.036450762
-0.029160609
-0.012617572
0.0323851
-0.019907724
0.028740022
0.031543929
0.047666382
-0.037572324
0.017874895
-0.024534168
-0.000363631
0.016052356
-0.030141978
0.021730263
-0.006729371
-0.035469394
0.006869567
0.026216511
-0.086360268
-0.00369765
0.039254665
-0.029721392
-0.008131324
0.011075424
0.047105603
0.043460526
-0.007009762
0.055517312
0.062807471
0.056638874
-0.03448803
0.032244906
0.001480812
-0.002593612
0.007921031
0.034908615
-0.004556345
0.026917486
0.027618462
0.041497789
-0.018505773
-0.039535057
0.044582088
0.036170375
0.009533277
-0.027618462
-0.004240906
0.011145522
-0.043180134
0.009322983
0.01619255
0.064209424
-0.003872894
0.002260648
-0.01324845
-0.0529938
-0.024253778
-0.011285717
-0.024113582
0.031123344
-0.044021305
0.02299202
-0.015070989
0.054956533
-0.012126889
0.017384209
0.030842954
0.026356705
0.009322983
0.045142867
-0.066172153
0.058601614
0.050750677
0.047105603
-0.046264432
0.002208075
0.062807471
0.018926358
0.037011545
-0.009533277
-0.01591216
-0.021029286
0.005467615
-0.031684123
-0.00560781
-0.025094949
-0.006413932
0.027478267
0.016122453
0.002295697
-0.028599828
0.036170375
0.025795924
0.027197877
-0.002059118
0.024253778
-0.017314112
-0.028880218
-0.017314112
-0.016543038
-0.029581197
-0.052713409
-0.019487139
-0.024113582
0.019346943
0.025094949
-0.016963623
-0.001585959
-0.038693886
0.048507556
0.035609588
-0.022431239
0.02004792
0.072340749
0.021309678
-0.024534168
-0.054676142
0.023272412
0.059723176
0.005537712
-0.073462307
-0.010584741
0.018365577
0.061685909
0.022851825
-4.6e-7
0.028179243
0.006799469
-0.087481834
0.050189897
-0.006729371
0.064209424
-0.015141087
-0.01149601
0.049068335
-0.001805014
0.005712956
0.028740022
0.042338964
-0.017524404
0.013949426
-0.005222273
0.04009584
-0.081313238
0.006939664
0.004468724
0.04570365
-0.006869567
-0.064209424
-0.019767528
-0.024954753
0.055236924
-0.007815884
0.004871785
0.044021305
-0.017944992
-0.009463179
0.020188114
-0.004346052
0.001454526
0.012196986
0.021029286
0.047666382
0.038693886
-0.018225381
0.021449873
0.014299914
-0.011355814
0.050189897
-0.003557454
-0.020748895
-0.01121562
0.017033722
0.040376227
0.005467615
0.043460526
-0.020328309
-0.031824321
0.009112691
0.001594721
-0.034347832
0.033927247
-0.020328309
0.041778181
0.001217946
-0.03322627
-0.002698758
-0.099819012
-0.013739133
0.020328309
0.021449873
-0.000981367
0.007815884
0.031543929
-0.010094057
0.022851825
0.03448803
0.003802796
0.022711627
-0.025375338
-0.017173916
-0.041497789
-0.023552801
-0.028599828
0.03322627
-0.012407279
0.037572324
-0.01121562
0.000088717
-0.01002396
0.004836736
0.004836736
-0.033086076
-0.025936119
-0.050750677
