voyage-4:1f361585eec7eca076406e6cf5b185b1c49fdbd682761054b45899d805e397b7
0.037621811
-0.023888696
-0.033467256
-0.040853132
0.030235933
0.021926822
0.006116429
0.019503333
-0.016041202
0.016618224
-0.019849544
0.021811418
-0.005395152
-0.018580098
0.01442554
-0.030466745
0.021118993
-0.05539408
-0.019041713
0.044084456
-0.014887159
-0.050085481
-0.049623862
-0.035082918
-0.010040176
0.001716639
-0.021234397
0.025965974
-0.031851597
-0.014598647
-0.004385365
0.002784129
-0.065549657
0.00132715
-0.04616173
-0.029428106
-0.051931947
0.026081378
-0.020311162
-0.063241571
0.023773292
0.00478928
-0.004702726
-0.004500769
-0.022619249
-0.032313213
-0.021811418
0.021696014
-0.02746623
0.004616173
0.001781554
0.026312187
-0.018349288
-0.004731577
-0.013675413
-0.03115917
-0.013617711
-0.014194733
-0.03092836
0.074782006
-0.017079841
-0.039006665
0.004414216
0.036467768
0.054009229
-0.00695311
-0.028620273
0.015694989
0.064626426
-0.061856721
-0.024696527
0.018695502
0.003837194
0.041776367
-0.004096854
-0.001154043
-0.034621298
-0.017195245
-0.028966486
-0.047084969
-0.019387927
-0.003231321
0.010559496
0.004962386
0.03623696
0.064626426
0.011828944
0.050547097
-0.06231834
0.021926822
0.002437917
-0.071550682
0.0293127
0.008597623
0.027581634
-0.018810906
-0.034621298
0.003317874
-0.046623353
-0.048469819
-0.007270473
0.032313213
0.003519832
-0.02238844
0.005568259
0.047546584
-0.061395105
-0.032313213
-0.041083939
0.01119422
0.046623353
-0.010790304
0.003606385
0.019041713
0.048239008
0.01252137
-0.027120017
-0.032313213
-0.00281298
0.032774828
-0.012232859
-0.011425029
-0.06231834
0.004356514
0.023311676
-0.024004102
0.02238844
0.010559496
-0.021003589
-0.013098391
0.019272523
0.025273548
0.030235933
0.045007687
-0.001485831
-0.005366301
0.011021114
0.040622324
-0.025965974
0.002481193
-0.028389465
0.032082405
-0.002639874
0.032544021
0.030697552
-0.001976299
0.041545559
-0.023196271
0.031620786
-0.017887671
0.029774318
0.012694477
0.019849544
-0.016041202
-0.006174132
0.026196782
-0.03623696
0.002639874
-0.040391516
0.068319365
-0.052393563
0.014021627
0.042007178
-0.002077278
0.040622324
0.03115917
0.0586254
-0.051008713
-0.019041713
0.025965974
0.006635749
0.036006149
-0.000400309
0.045930926
0.027812442
0.018926309
-0.024004102
0.003274598
-0.000652756
-0.03092836
-0.01811848
0.021349801
-0.048700631
-0.009290049
-0.012694477
-0.016156606
0.02238844
-0.009463155
-0.010905709
0.042237986
-0.027004614
-0.014598647
-0.012925285
-0.031620786
-0.002178257
-0.017541459
-0.016618224
0.016849032
-0.007328175
-0.018464694
-0.080321409
0.017310649
0.011713539
0.000696032
-0.011136518
0.003923747
0.025388954
-0.004212258
0.012232859
0.034159683
0.025042741
-0.002380214
-0.003866045
-0.035775341
-0.03623696
0.007039664
-0.070627451
-0.048700631
-0.005279748
0.024465717
-0.025965974
0.028158655
0.00291396
-0.032544021
-0.012867583
-0.004096854
-0.03623696
-0.010097879
0.068319365
-0.010444092
-0.000944873
-0.012002051
-0.021349801
0.06416481
0.044776879
0.064626426
-0.011482731
0.017195245
-0.004875833
-0.035082918
0.040160704
0.014887159
-0.049623862
0.01973414
0.024581123
-0.01442554
-0.023657888
-0.004645024
-0.033698063
-0.036467768
0.023773292
-0.023542484
0.035082918
0.004904684
-0.010213283
0.008828431
0.012117455
0.04616173
0.062779956
0.012175158
-0.005914472
0.037160195
-0.014194733
0.02423491
-0.042237986
-0.066472895
0.050316285
0.041083939
0.036006149
-0.023196271
-0.003159194
0.015925799
-0.000825862
0.011425029
-0.00187532
0.030005125
-0.037852619
0.05677893
-0.012232859
0.018580098
0.066934511
0.021349801
0.011944348
-0.041083939
0.011136518
0.027812442
-0.011482731
0.022965463
0.043161217
0.042699602
0.021811418
-0.009520857
-0.032544021
-0.033467256
0.009232347
-0.021696014
-0.068780981
-0.039237473
-0.056317311
-0.055855695
0.041776367
-0.012925285
-0.031620786
-0.039699089
-0.023657888
0.020195758
-0.009636262
0.024004102
0.002755278
0.06231834
-0.000670788
0.033236448
0.002495619
-0.002726427
0.01546418
0.005193195
-0.000724883
0.03115917
0.03092836
-0.012405965
0.030235933
-0.016964436
0.03485211
0.004154556
-0.03092836
-0.02054197
-0.01546418
-0.076628476
-0.010213283
-0.011425029
0.028735679
0.019849544
0.008136005
-0.004645024
0.036006149
-0.012290562
-0.02423491
-0.000024005
0.006722302
0.033236448
-0.035313725
-0.00098815
-0.019503333
-0.02585057
0.046623353
0.006289536
-0.025042741
0.005654812
0.034621298
-0.060933489
-0.000551777
0.031389978
-0.048239008
-0.018464694
0.058394589
-0.088168912
0.020195758
-0.031851597
-0.008136005
-0.018233884
-0.008539921
0.035775341
-0.037391003
-0.010790304
-0.005943323
0.054009229
0.003361151
0.027235422
0.019157119
0.001211745
0.018233884
0.020657375
0.018003074
0.039929897
0.028389465
-0.05539408
0.066472895
-0.026889209
-0.021349801
0.023888696
-0.004818131
-0.016618224
0.023196271
-0.051239524
-0.055163268
-0.016733628
-0.039237473
0.002856257
0.007847494
0.007847494
0.014367839
-0.062779956
-0.033928871
0.016849032
-0.061856721
-0.036698576
-0.020888183
-0.002625449
0.02769704
0.030466745
0.011251922
-0.048469819
0.026542995
-0.023657888
-0.014714053
-0.017079841
-0.013790817
0.033467256
-0.004702726
-0.012752178
0.003750641
0.007328175
0.022965463
-0.011367326
0.026889209
0.019157119
-0.019272523
-0.014252434
0.037852619
0.001767129
0.003087066
0.002336938
0.025388954
0.02423491
-0.01627201
0.032544021
-0.032774828
-0.034621298
0.056548122
0.053778417
-0.02423491
-0.000613086
0.005972174
0.018349288
0.018003074
0.015233372
0.038083427
-0.03485211
0.002885108
0.022965463
-0.013733115
0.041776367
0.020426566
-0.001709427
-0.040391516
0.029774318
0.020772779
-0.058394589
0.021926822
0.040391516
-0.012290562
0.017887671
0.020426566
0.074320391
-0.048008204
0.042007178
0.008482218
-0.041545559
-0.071550682
0.012290562
0.00585677
0.061856721
0.008943835
-0.009520857
0.095093168
0.040622324
-0.014714053
0.001933023
0.069242597
-0.003952598
0.046392541
-0.035544533
-0.012348264
0.022734651
0.067396127
0.010040176
0.010097879
-0.091861852
-0.060010251
-0.032544021
0.002077278
-0.02769704
0.015233372
0.029428106
0.012175158
-0.006549195
-0.02054197
-0.000613086
-0.053316802
-0.01252137
-0.048008204
-0.044546071
-0.033236448
-0.019964948
-0.011078816
0.008828431
0.003837194
0.017079841
0.023888696
-0.036929388
0.024696527
0.005424004
0.002957236
-0.012463667
-0.045238499
0.013098391
-0.030466745
0.080783032
-0.096939638
0.012752178
-0.030697552
-0.000349819
0.034621298
0.016387414
-0.081244648
-0.06416481
-0.050316285
-0.009347751
0.019849544
0.001565171
0.023888696
0.039237473
-0.009290049
-0.034390491
0.003346725
-0.006780004
-0.007674388
-0.000634724
-0.066011272
-0.046392541
-0.001334363
-0.05170114
0.016849032
-0.019618737
0.021349801
0.042007178
0.059087016
0.001435341
-0.051470332
-0.013790817
-0.000193843
-0.027004614
0.034390491
0.030466745
0.042237986
-0.014887159
0.057240546
-0.010501795
-0.004183407
-0.037621811
-0.001384852
-0.001096341
-0.028966486
-0.081244648
-0.037391003
0.052162755
0.001904172
0.036006149
0.003808343
-0.033928871
-0.002899534
0.002452342
-0.029197294
-0.054701652
-0.009174644
-0.014367839
0.006491493
-0.005222046
0.046854157
0.022157632
-0.004183407
-0.017772267
-0.023773292
-0.017887671
-0.042007178
0.004443067
0.0586254
0.025388954
-0.039699089
-0.048008204
0.020311162
-0.011713539
0.036698576
0.021580609
-0.018580098
0.020080352
0.041083939
-0.048931435
0.011540432
-0.009751666
0.010559496
0.046623353
0.013271498
-0.072012298
-0.026427589
-0.037160195
-0.010617198
0.02054197
-0.057702161
0.018464694
0.04616173
-0.019041713
-0.001132405
0.040391516
-0.034621298
0.000339
0.031389978
-0.015694989
-0.004673875
0.003375577
0.004471918
0.014887159
0.008597623
-0.009982474
-0.030005125
-0.011655838
-0.023427079
-0.028158655
-0.043853644
0.025042741
-0.038083427
-0.06231834
-0.017772267
0.014887159
-0.038775854
-0.03485211
0.024927335
0.00398145
-0.0033323
-0.0293127
-0.016502818
0.015925799
-0.013675413
0.019618737
-0.005164344
-0.040853132
-0.012579071
-0.040160704
-0.049162246
0.000376867
0.022157632
-0.021811418
0.006029876
-0.027235422
-0.00200515
-0.028620273
0.004558471
0.015348776
-0.022273036
-0.019964948
0.080321409
0.026658401
-0.032774828
0.018580098
-0.008828431
-0.041776367
-0.005366301
-0.06231834
0.022734651
0.032313213
0.032774828
0.034159683
-0.029774318
-0.035313725
0.040160704
-0.047546584
-0.017195245
0.037621811
-0.042468794
-0.011367326
-0.002466768
-0.018233884
0.011944348
-0.011598135
0.004846982
-0.0133292
-0.045930926
0.030005125
-0.027235422
-0.023427079
-0.030005125
-0.005539408
-0.04616173
0.056548122
-0.056086507
-0.022157632
-0.010155581
0.019618737
0.069242597
-0.036698576
-0.016733628
0.01546418
0.034621298
-0.020080352
0.007905196
-0.047084969
0.050316285
-0.048239008
-0.01811848
-0.03092836
0.058856212
0.039929897
0.043853644
-0.03092836
0.025735166
-0.001521895
0.01465635
-0.048008204
0.006202983
0.017541459
0.011021114
-0.029428106
0.018810906
0.031851597
-0.014714053
0.028504869
0.05308599
-0.019849544
0.001103554
0.035775341
-0.043392029
0.026427589
0.045469303
0.006491493
-0.007385877
-0.014540946
0.008713027
-0.045469303
0.004356514
0.02054197
-0.016041202
0.003750641
-0.017887671
0.007443579
0.007501281
0.013733115
-0.034621298
0.01119422
-0.030466745
-0.027235422
-0.019272523
-0.039929897
-0.012752178
0.014194733
-0.101555817
-0.039237473
-0.033928871
-0.025735166
0.002452342
0.015810393
0.009347751
-0.070627451
0.017079841
-0.022503844
-0.042237986
0.00721277
-0.005827919
0.04985467
-0.030005125
0.008136005
0.018580098
-0.001788767
-0.043622836
0.042007178
-0.010155581
-0.033005636
-0.013617711
0.023080865
0.013040689
0.017079841
-0.020080352
-0.025965974
0.006635749
-0.002120554
-0.009174644
0.017079841
0.009924772
0.028274061
0.038314238
-0.042007178
-0.033236448
0.016502818
-0.007558983
-0.021349801
0.042237986
-0.000923235
-0.054240033
0.025273548
-0.035544533
0.003043789
0.019618737
0.012925285
-0.035313725
-0.014887159
0.006693451
0.004962386
-0.011309625
-0.011309625
-0.002481193
0.053778417
0.028274061
0.050085481
-0.019503333
0.014887159
-0.039006665
0.048469819
-0.021349801
-0.067857742
0.007616686
0.007847494
0.007905196
-0.018003074
0.038545046
0.006058727
-0.022619249
0.053547606
0.008251409
-0.004414216
0.03485211
-0.008136005
0.000476043
-0.032774828
-0.014079328
-0.003808343
0.021349801
-0.010905709
-0.055855695
-0.012925285
0.000620298
0.045700114
0.006174132
-0.050547097
0.029081892
0.000952086
-0.00695311
0.013790817
0.017195245
0.006202983
0.069242597
-0.02769704
-0.011078816
0.017426055
0.007674388
-0.019618737
-0.029428106
-0.024004102
-0.036467768
0.011251922
0.021696014
-0.010213283
0.026312187
0.014887159
-0.00559711
0.020080352
-0.025273548
0.03485211
-0.02585057
-0.059548635
-0.014367839
0.03623696
0.009520857
-0.018810906
-0.032544021
-0.025735166
0.004327662
0.035544533
-0.011021114
-0.039699089
0.033236448
0.017541459
0.038545046
0.020311162
-0.033467256
-0.027235422
-0.037391003
0.026658401
-0.058394589
-0.017195245
0.012002051
0.011136518
0.06231834
0.056548122
0.011886646
-0.070627451
-0.006347239
0.016964436
-0.028504869
-0.009116942
-0.040391516
0.002510044
-0.007616686
-0.006001025
0.000696032
-0.064626426
-0.007616686
-0.014310136
-0.0066646
0.032082405
0.035313725
-0.04985467
0.011771242
0.026081378
-0.028158655
0.004933535
0.059548635
-0.016964436
-0.029428106
0.026542995
-0.026312187
0.016849032
0.075243622
-0.018233884
-0.007068515
-0.00585677
0.011944348
-0.012636774
0.001341575
-0.053316802
-0.035544533
-0.012694477
0.012348264
0.010905709
0.016618224
-0.002769704
-0.007010813
-0.06231834
-0.077090092
0.005193195
0.068319365
-0.018695502
0.005366301
0.007789792
-0.006520344
-0.013502307
-0.042237986
0.003808343
0.048700631
-0.029543508
0.021349801
0.051931947
0.001846469
0.037852619
-0.061856721
0.01038639
0.006145281
0.026889209
0.027812442
-0.063241571
0.007299324
-0.014771754
0.049162246
0.029543508
-0.020080352
0.039929897
-0.040160704
0.029197294
-0.032544021
0.035775341
0.021926822
0.004327662
-0.001384852
-0.020080352
-0.026889209
0.027004614
0.018349288
-0.031620786
0.052624375
0.008828431
0.010559496
0.023888696
-0.007443579
0.017079841
0.010790304
-0.025504356
-0.025965974
-0.029197294
-0.057702161
-0.012348264
-0.018695502
0.03115917
0.017541459
0.001017001
-0.006751154
-0.032082405
0.025158143
-0.020657375
-0.011828944
-0.045700114
0.00905924
-0.009001537
-0.025388954
-0.041545559
0.039929897
-0.012232859
-0.030697552
0.030235933
-0.007328175
-0.023196271
0.041545559
-0.00213498
0.042007178
0.007299324
0.008713027
-0.044546071
-0.068319365
-0.000095118
0.00063833
0.02423491
0.006087579
-0.007674388
-0.023773292
0.013675413
-0.05493246
0.012752178
-0.018695502
-0.011828944
0.057009738
-0.042237986
0.02585057
-0.063241571
-0.031851597
-0.018926309
-0.020080352
-0.046392541
