voyage-4:5d48eba817355007f38a28aac794c27c61b33beb023b8f503608794a911be1df
-0.002132976
-0.036244061
-0.031349793
-0.001207033
-0.015608758
0.025529578
0.00830042
0.010846763
0.014550536
0.002066838
-0.017460642
-0.010780624
-0.047355384
-0.01812203
0.015608758
0.037566841
0.028042851
-0.011971124
0.003125058
0.001132627
0.013095482
-0.012963206
0.001670005
-0.009127155
0.012566373
-0.046297163
0.035450395
-0.01488123
0.03703773
-0.009061015
-0.011375874
0.04127061
0.005125757
0.031349793
-0.021561248
0.006018631
-0.005324173
-0.032540292
-0.029894738
0.038889617
0.01706381
-0.00773824
0.000772997
-0.006878435
-0.055821147
-0.079366565
-0.032011181
-0.065080583
-0.032804847
0.006547741
-0.030820681
0.000312092
-0.02698463
0.006746158
-0.030688403
0.002083372
-0.030688403
-0.007043782
-0.024603635
0.026720075
0.018518865
0.021693526
-0.032275736
0.013492315
0.031878904
0.010053098
-0.009127155
-0.022354914
0.017857475
-0.02089986
-0.009259433
-0.039418727
-0.000270756
-0.010251515
0.031349793
0.048149049
0.001661737
-0.014550536
-0.032672569
-0.037831396
0.014021426
0.008862599
-0.008465766
-0.07354635
0.009523988
0.01706381
-0.015278063
-0.008201212
-0.01812203
-0.001975897
-0.012037262
0.015344202
-0.017460642
-0.006514672
0.015278063
0.021958081
-0.019047976
-0.015741035
-0.054233816
-0.01375687
-0.006547741
0.01269865
-0.011375874
0.026190965
-0.003273871
0.033730786
-0.032937124
-0.038625062
0.00193456
-0.002827434
-0.032275736
-0.006878435
0.00104582
0.014616675
0.056879368
-0.009986959
-0.004431299
-0.041535165
-0.002447136
-0.001678272
-0.013889148
-0.021164415
0.028439684
-0.008994876
-0.059260365
-0.016534701
0.003786446
0.025794134
-0.065874249
-0.03703773
-0.007539823
0.041006058
-0.033598512
0.01825431
-0.033466235
-0.02089986
0.006183978
-0.003091989
-0.032672569
0.039154172
-0.00246367
-0.021825803
0.047619939
0.02698463
0.056614812
-0.00879646
0.020503029
0.023016304
0.008862599
-0.028836517
0.060583141
-0.049471825
-0.037566841
-0.020767583
0.029894738
0.007804379
-0.022487193
-0.02486819
-0.019180253
0.059789475
-0.006580811
-0.041006058
0.031085238
-0.017328365
-0.014682814
-0.016071729
0.048413604
0.016666979
-0.03518584
0.031217515
0.025926411
0.00608477
-0.03571495
0.003108524
-0.02433908
0.000107992
-0.02976246
-0.00548952
0.046297163
-0.018651143
-0.012566373
0.034392174
0.032011181
-0.025397301
0.040476948
0.046032608
0.038095951
-0.033598512
-0.047619939
0.037831396
-0.034127619
0.003323475
-0.050530046
-0.017328365
-0.01375687
-0.050265491
-0.034392174
-0.013426176
-0.04920727
-0.004017932
-0.041535165
0.019577086
0.03518584
0.035450395
-0.000868072
-0.015278063
0.018518865
0.028307406
0.050530046
-0.023545414
0.007771309
-0.032143459
-0.031482071
-0.002480205
0.013029344
-0.03650862
-0.065874249
-0.040476948
0.03518584
-0.027513741
-0.025926411
-0.003340009
-0.022354914
-0.003687238
-0.002149511
-0.029630182
-0.02698463
-0.045238942
0.009193294
0.024074525
-0.023942247
-0.023942247
0.022354914
0.016931532
-0.006845366
0.001273172
0.024603635
-0.014616675
0.011772707
-0.011045179
0.012632512
0.008531905
-0.04179972
-0.017328365
-0.004332091
-0.007209129
0.032011181
0.007043782
-0.04179972
-0.023413137
0.04127061
-0.037831396
0.040212393
-0.004183279
0.012632512
0.027116908
0.017989753
0.022751749
0.007936656
0.039683282
-0.01825431
-0.020635305
0.004629716
0.096827209
-0.013823009
-0.03571495
0.037831396
0.005588728
0.049736381
-0.052117378
0.01660084
0.025661856
-0.048149049
-0.016534701
0.022090359
0.014682814
-0.04920727
0.012566373
0.003373079
0.026720075
0.037831396
-0.000108509
-0.024074525
-0.004761994
0.004017932
0.042857941
-0.038360506
0.005919423
0.01706381
0.02486819
0.015608758
0.014947369
-0.015013508
-0.023677692
-0.037566841
-0.009457849
-0.056350257
0.004051002
0.014087564
0.051588267
0.029101072
-0.027778296
0.010516069
0.042328831
0.039947838
-0.003257336
0.080424786
-0.000113676
0.038095951
0.012897067
0.026058689
0.027381463
-0.022222636
0.028571961
0.006944574
0.063493252
0.025000468
0.04179972
0.028571961
-0.084128551
-0.006283186
-0.00826735
0.01759292
0.05396926
-0.004232883
0.030159293
-0.065080583
-0.043651607
0.047619939
0.016931532
-0.03571495
0.004017932
0.005919423
-0.052381929
0.027116908
0.016799256
-0.025661856
-0.002562879
-0.018915698
-0.015079646
-0.006646949
0.050794601
-0.014418258
-0.018518865
0.029233349
-0.008994876
-0.024206802
0.046032608
-0.010714485
-0.079366565
0.037566841
0.019841641
-0.055556592
0.002612483
0.103705645
-0.009854682
0.01706381
0.03095296
0.015674897
-0.03465673
-0.003356544
0.010185376
-0.02486819
-0.028704239
-0.000884606
0.043916162
-0.029497905
0.019312531
0.003356544
-0.001537727
0.012632512
0.022354914
-0.008598044
0.032408014
-0.026323242
-0.041006058
-0.029894738
-0.029497905
0.014682814
-0.011574291
-0.002008966
0.00165347
-0.03650862
-0.00548952
-0.035979506
0.001281439
-0.028439684
0.003736842
-0.019312531
-0.047355384
0.005026549
-0.083599441
-0.001008617
-0.000739928
-0.015939452
0.047355384
0.00076473
0.05952492
-0.004117141
0.021693526
-0.003373079
0.015013508
-0.00499348
0.038889617
0.023016304
-0.008201212
0.005390312
-0.020503029
-0.002562879
-0.021428971
0.011111318
-0.055292036
-0.01547648
0.008730321
-0.006415464
0.026720075
0.022222636
-0.001488123
-0.001769213
0.043651607
-0.043387052
0.031349793
-0.058995809
-0.012963206
-0.046032608
0.011045179
-0.048413604
-0.026190965
0.07301724
0.043651607
0.01269865
0.023148581
-0.005985562
0.009854682
-0.002843969
-0.016270146
0.009920821
0.003373079
-0.00830042
0.032672569
-0.015079646
-0.012367956
0.02645552
-0.00830042
-0.011508152
0.029630182
0.003075454
0.003389613
-0.020767583
0.064816028
-0.022090359
0.034392174
-0.031746626
0.060583141
0.016270146
0.022354914
-0.042328831
-0.016534701
-0.022619471
0.001273172
0.00826735
0.015013508
0.015873313
-0.021958081
0.061641362
0.016270146
-0.025529578
-0.052646484
0.075662792
-0.02486819
0.030027015
-0.01375687
0.003885655
0.034921285
-0.005059619
-0.032937124
0.044974387
-0.004017932
0.013690731
-0.045768052
0.008531905
0.037566841
0.006547741
-0.013293899
0.000868072
-0.016071729
0.012897067
0.061641362
-0.029894738
-0.044180717
-0.009854682
0.006878435
-0.010846763
-0.040212393
0.065609694
0.054233816
-0.000209784
0.007407546
-0.03095296
-0.055292036
-0.006680019
-0.021561248
-0.047355384
-0.004431299
0.000037203
-0.03518584
0.04127061
-0.029894738
-0.028042851
0.00826735
-0.082012117
0.014285981
0.024471357
-0.006316256
-0.019180253
0.006746158
-0.008531905
-0.057673033
0.032275736
-0.014418258
-0.031878904
0.03571495
-0.039418727
-0.064286917
0.050265491
0.02089986
-0.002050303
0.065874249
-0.040741503
-0.027646018
-0.013558454
0.018518865
-0.007374476
0.045503497
-0.021164415
0.025661856
-0.044709828
0.050265491
-0.01547648
0.019444808
-0.001843619
0.032672569
0.017989753
0.003819516
0.006415464
-0.035450395
0.021561248
0.058995809
0.023809969
-0.01812203
-0.033598512
-0.042857941
-0.046297163
0.038095951
0.044974387
0.018386588
-0.012367956
-0.014219842
-0.012830928
-0.094710767
0.01541034
-0.016137868
0.002992781
0.034392174
-0.021428971
-0.027381463
0.018915698
0.000996216
-0.003885655
-0.016071729
-0.056085702
-0.025794134
-0.015211924
0.018915698
-0.055556592
-0.042064276
0.046826273
-0.013690731
-0.00011781
0.031349793
0.006117839
-0.023016304
0.035979506
-0.014153703
-0.046561718
-0.026852353
-0.012963206
-0.022487193
-0.011772707
-0.020370752
0.018386588
0.009061015
-0.01435212
-0.012897067
0.008664182
-0.007076852
-0.034127619
-0.00112436
0.03703773
0.015873313
0.016931532
-0.01322776
-0.016468562
0.068255238
-0.011045179
-0.032804847
0.003191197
0.00439823
0.024206802
0.012764789
0.064286917
0.016799256
0.016468562
-0.014285981
0.07037168
-0.019444808
-0.000192216
0.012103401
-0.035450395
-0.043122496
-0.052381929
-0.01812203
-0.013426176
-0.02645552
-0.012632512
-0.008465766
0.019841641
-0.03571495
0.027116908
0.004199814
-0.045503497
0.025000468
-0.017196087
0.062699586
0.010846763
-0.086244993
-0.052381929
0.032143459
0.007308337
0.008531905
0.024206802
0.015674897
0.019312531
-0.014748952
-0.02698463
-0.022751749
-0.023413137
-0.039683282
-0.010119237
-0.007969726
0.047355384
-0.006812296
0.023809969
-0.030820681
0.055292036
0.007837448
0.016005591
0.011574291
-0.02433908
0.07407546
0.020238474
-0.042857941
-0.022751749
-0.079895675
-0.053704705
-0.010780624
0.024735913
-0.050000936
0.008928738
-0.023280859
-0.004001398
0.045768052
-0.030027015
-0.008664182
-0.050530046
-0.042064276
0.013161621
0.055027481
-0.027778296
-0.025265023
-0.055556592
-0.00939171
0.016137868
0.01812203
-0.018518865
-0.032143459
0.007936656
0.015674897
0.026720075
0.022487193
0.002562879
-0.019047976
0.012632512
-0.022751749
-0.009325571
-0.038625062
0.059260365
-0.039683282
-0.04867816
0.044445273
0.004728924
0.010053098
-0.00714299
0.009259433
0.038625062
-0.005820215
0.016733117
0.014947369
-0.016865393
-0.009788543
-0.014550536
-0.019047976
-0.035979506
-0.016005591
0.009656265
-0.027778296
0.014947369
-0.010979041
0.037566841
0.048149049
-0.020370752
0.056614812
-0.022619471
-0.051588267
0.008730321
0.018386588
-0.050530046
-0.032275736
-0.009722404
-0.019973919
0.011904985
0.005853284
0.016137868
-0.001215301
-0.005787145
0.043387052
0.011045179
-0.05344015
0.01878342
0.009523988
-0.063757807
-0.020767583
-0.01435212
-0.046561718
-0.002447136
-0.00661388
0.006415464
0.025397301
-0.002298323
0.028042851
0.036244061
-0.019841641
-0.002132976
0.018915698
-0.059260365
-0.029101072
-0.041006058
0.019047976
-0.021032138
0.023545414
-0.005291104
0.022090359
0.03650862
0.021693526
0.007308337
-0.019047976
0.016931532
-0.019180253
-0.011772707
-0.012235679
-0.002050303
-0.015939452
0.027249185
0.030556126
-0.019180253
0.056085702
-0.021693526
0.075133681
0.031482071
0.003621099
0.003439218
0.009920821
0.058995809
0.011706568
-0.007374476
0.00246367
-0.005291104
0.031614348
-0.042064276
-0.005191896
0.001016884
-0.068255238
-0.018651143
0.041006058
-0.005721007
-0.031878904
0.06005403
0.02486819
-0.025132746
0.029101072
-0.024735913
0.03518584
-0.001628668
-0.010053098
-0.054233816
0.077250123
-0.052646484
0.007076852
-0.043122496
0.010780624
0.034921285
-0.012037262
0.010119237
0.001769213
-0.001016884
0.048149049
-0.02089986
-0.00499348
0.013492315
0.017328365
-0.028042851
-0.030423848
-0.009656265
0.015542619
-0.062964141
-0.029630182
-0.002728225
-0.057673033
0.032408014
0.012963206
-0.025794134
-0.054762926
-0.049471825
0.013360037
0.001587331
0.025132746
0.041535165
0.021164415
0.027116908
0.011442013
0.014815091
-0.003984863
0.045238942
0.035450395
0.002281789
0.023545414
-0.041006058
0.046297163
0.026190965
-0.101589203
-0.008928738
0.05952492
0.01878342
-0.001843619
-0.009259433
0.055027481
-0.025265023
-0.039154172
0.079895675
0.001686539
0.014285981
0.011375874
-0.00773824
-0.048149049
-0.042064276
0.002042036
0.096827209
-0.019312531
0.022222636
-0.014484397
0.048413604
-0.025132746
-0.016270146
-0.021825803
-0.036244061
0.095768988
-0.000177748
-0.003373079
0.007076852
-0.068255238
0.017725198
0.021164415
0.055292036
-0.007076852
-0.014616675
0.047090828
0.016733117
0.003108524
-0.047355384
0.027381463
0.029630182
0.013955287
0.001215301
-0.052646484
-0.019709364
0.028307406
-0.019047976
0.012235679
-0.026058689
-0.061905921
0.016666979
0.032143459
-0.028968794
0.009193294
0.006183978
-0.004299022
-0.005158826
0.002380997
-0.042328831
0.028042851
0.015542619
0.000394766
-0.03029157
-0.028175129
0.03320168
0.017725198
-0.036244061
-0.006746158
-0.025529578
0.039154172
0.038360506
0.034127619
-0.00496041
0.068255238
0.001479856
-0.024603635
-0.013360037
0.02089986
0.012301818
-0.00246367
-0.016071729
0.038625062
0.027249185
-0.007308337
-0.015608758
0.008168142
-0.013955287
-0.065874249
0.027778296
0.046297163
0.034392174
0.005191896
0.008135073
0.042328831
0.013492315
-0.015939452
-0.016534701
-0.050000936
0.069313459
-0.008862599
-0.026190965
0.024735913
0.032540292
0.006250117
0.007539823
0.003472287
-0.040476948
0.043122496
-0.010648347
-0.033598512
-0.019312531
0.009193294
0.015608758
0.056085702
-0.040741503
0.008068934
0.005026549
-0.04920727
0.061376806
0.040476948
0.028307406
-0.008135073
-0.011442013
-0.055556592
-0.052381929
0.007539823
-0.037302285
0.007771309
-0.068784349
0.042593386
-0.040741503
-0.001008617
0.013095482
0.044709828
0.03571495
0.026190965
-0.012764789
-0.046561718
0.012830928
-0.004365161
0.033598512
0.022487193
-0.021296693
-0.016799256
-0.038625062
-0.045768052
-0.046826273
0.009920821
0.001769213
-0.042328831
-0.033069402
0.005721007
0.100001872
0.014748952
0.030423848
0.022619471
-0.007374476
-0.028571961
0.019577086
-0.004927341
-0.089948773
0.006051701
-0.029497905
-0.021032138
0.012103401
0.019709364
-0.034127619
0.031085238
0.057673033
0.064286917
0.01825431
-0.055556592
0.010383791
-0.021825803
