voyage-4:59029888eb7c46e22e57f44170b17c40747a051d66549835d2598f1dcf76f763
0.024792196
-0.001189957
0.011916691
-0.005341965
-0.007088377
0.040270198
-0.028764427
0.011848205
-0.019450231
0.016642276
0.010615444
-0.019998126
-0.029997189
-0.009314195
0.012807019
0.029997189
0.069856465
-0.005068018
0.071774095
0.002311427
-0.004417394
-0.045201246
-0.025477063
0.024381276
-0.030956004
0.014793133
0.012670046
0.005136505
-0.029860213
-0.00965663
-0.009451169
0.032462712
-0.011026364
0.01636833
-0.017053196
0.019998126
-0.051228076
0.025751011
-0.031092975
0.006643213
-0.00112147
-0.044379402
-0.010341496
0.022874568
-0.017327143
-0.051775966
-0.019724179
-0.05341965
-0.010957877
0.014108266
-0.01383432
-0.026298907
-0.004006474
0.011642745
-0.0289014
-0.014930107
-0.001977555
0.016916223
0.013971294
0.060268324
0.00214021
0.036160994
-0.005581669
-0.013697347
0.013697347
0.008286894
0.003407215
-0.014108266
0.045475189
0.008252651
0.006745943
-0.013971294
-0.025887983
-0.015135569
0.0144507
0.004862558
0.00214021
-0.014998594
-0.025477063
-0.009108735
-0.045201246
-0.005650156
-0.006985647
-0.034654286
0.015272541
0.001506708
-0.02807956
0.00345858
-0.003937987
0.000560735
-0.004657098
0.00660897
-0.012327612
0.028216532
-0.007978704
-0.029997189
-0.044379402
-0.032599684
0.029586267
-0.047392819
-0.053693596
0.05698096
-0.005855616
0.038626518
-0.033832446
0.025477063
-0.020272072
-0.029860213
-0.040544145
-0.051502023
0.040270198
0.015204054
0.001549512
-0.026709825
0.054789387
-0.006574727
-0.001900507
0.001207079
-0.007910218
0.013149453
-0.004588611
-0.052323863
0.02807956
-0.032188762
-0.026298907
-0.019039312
-0.036708888
0.011985178
-0.050954126
-0.003184633
0.041365985
0.02410733
0.013765832
0.00763627
-0.016299842
-0.005410451
0.014861621
0.008663571
-0.038900461
0.061090164
-0.0038695
-0.003698283
0.002362792
0.012533072
0.033147577
0.006300779
0.031092975
-0.052871756
-0.006677456
0.011985178
0.014313728
-0.054789387
-0.012464586
-0.027120745
-0.025751011
0.028353507
0.016573789
-0.033832446
0.00356131
0.046023086
-0.025887983
-0.010615444
0.008560841
0.007362324
0.024381276
0.000139114
0.069582522
-0.016573789
-0.027531665
0.038078625
0.020272072
-0.001763533
-0.01068393
0.034243364
-0.00691716
-0.014656161
0.011916691
-0.020682992
0.030271137
-0.043831509
-0.011985178
0.022189701
0.035887048
-0.053145703
0.041639935
0.062185951
0.005513182
-0.016299842
-0.070130415
0.02451825
-0.033284552
0.005307722
-0.087663017
0.003698283
-0.021367861
-0.002568252
-0.035065208
0.026435878
-0.095333524
-0.003903744
-0.042735722
0.019724179
-0.006574727
0.041092038
-0.00091601
-0.023422463
0.006780186
0.047118869
0.061364114
0.009999063
-0.009930576
-0.055885177
-0.008184165
0.04931045
0.012190638
-0.046570979
-0.002020359
-0.067116998
0.017532604
0.001874824
-0.017532604
0.012327612
0.014793133
0.008595085
-0.033010606
-0.048488609
-0.013217939
-0.069308572
0.008903274
0.00965663
-0.004092082
-0.039722305
-0.011368797
0.02725772
0.020956939
-0.005307722
0.033147577
-0.061090164
-0.021093912
0.026709825
-0.026709825
-0.001583756
-0.031092975
-0.016231356
-0.030545082
-0.02369641
0.00784173
-0.045475189
-0.011437284
-0.013080966
-0.016505303
-0.013971294
0.071226195
0.007704757
0.004485881
-0.01677925
0.009999063
-0.009177222
0.037530728
0.01403978
0.008218408
-0.048488609
0.010136036
0.036708888
-0.012327612
-0.000158376
0.011368797
-0.009588143
0.015751949
-0.056707013
0.007499297
0.013354912
-0.014176753
0.007807487
0.012190638
0.012533072
0.005410451
0.019998126
0.01006755
0.01698471
0.042735722
-0.021093912
0.013080966
-0.012670046
-0.008629328
0.00986209
-0.058898591
0.02410733
0.001549512
-0.021367861
-0.00986209
-0.040270198
-0.011437284
-0.067664891
0.036160994
-0.042461775
-0.061364114
0.01677925
-0.042461775
0.05725491
0.073417775
-0.044379402
0.012396098
0.031640872
-0.004862558
0.009245709
0.043831509
0.041365985
-0.002842199
0.030682057
0.015135569
0.00986209
-0.01027301
0.034380339
0.022189701
0.055885177
0.011711231
0.000451584
-0.01068393
-0.041913878
0.024929171
-0.012122152
0.016710762
0.022326674
0.002688104
0.044927295
-0.0578028
-0.042187825
0.024381276
-0.00701989
-0.035887048
0.052323863
-0.020272072
-0.068486728
0.029723242
0.011368797
-0.011711231
-0.008697815
-0.05698096
-0.008321138
-0.038078625
0.040544145
0.045749135
-0.020135099
0.053145703
0.007191107
0.004965288
0.005513182
-0.016847737
-0.006745943
0.030134162
0.065473318
-0.051502023
0.006129562
0.011231824
-0.046844926
0.022600623
-0.02807956
-0.022737594
-0.018354444
-0.037530728
0.004211934
0.015820436
-0.024244305
-0.014313728
0.059172533
-0.026572851
0.015820436
0.001617999
-0.029723242
-0.033695474
0.005958345
0.009382682
0.042461775
0.008732058
-0.001335491
-0.005615912
-0.003064781
-0.008903274
0.000791878
-0.002414157
-0.003218876
-0.018628391
-0.022600623
-0.003886622
-0.016573789
0.000481547
-0.006745943
0.007704757
-0.033421524
0.015478002
-0.051228076
-0.000318891
0.049036499
-0.002653861
0.026298907
0.000620661
-0.022463648
0.038352571
0.039448358
-0.000316751
0.000436603
-0.009108735
0.030408109
0.013217939
-0.004725584
-0.032599684
-0.038626518
-0.044927295
0.005478939
0.005307722
0.021367861
-0.039722305
0.006026832
0.016916223
-0.036708888
0.044105455
-0.009245709
0.026435878
0.040270198
-0.071774095
0.022463648
-0.001669364
-0.046297029
-0.013080966
0.005855616
-0.055885177
-0.017669577
0.052049916
0.015409514
-0.008458111
0.02766864
-0.022326674
-0.021367861
-0.005102261
-0.026435878
0.001977555
0.010546956
0.024244305
0.042735722
0.011026364
-0.031914815
-0.007670514
-0.045749135
-0.030134162
0.017464116
0.064925425
-0.041092038
-0.05698096
0.047118869
-0.001215639
0.010204523
-0.041639935
0.041913878
-0.014313728
-0.01698471
-0.017053196
-0.01362886
-0.004725584
0.002670983
-0.009793603
0.014108266
0.009040249
-0.052323863
0.064377524
-0.015751949
0.002585374
-0.044927295
0.05725491
-0.003989352
0.063829631
-0.00091173
-0.020135099
-0.008389625
-0.018491417
0.047666762
0.01636833
0.030819029
-0.00650624
-0.031777844
0.008218408
-0.017258655
-0.001181396
-0.022189701
0.014861621
-0.041092038
0.004828315
0.043557562
-0.029312322
-0.029175347
0.048488609
0.005581669
-0.01821747
0.000297489
0.039996251
0.078896716
0.023422463
0.017464116
0.00345858
-0.017464116
-0.033147577
-0.019587206
0.022874568
0.010820903
0.041092038
0.004331786
0.025887983
-0.038626518
-0.017806549
0.026435878
-0.015409514
-0.047392819
0.035339154
-0.017943524
-0.003783892
0.003133268
0.020819968
-0.036434941
0.000552174
-0.005547425
-0.07615725
0.012464586
-0.055611227
0.001806338
0.020272072
-0.015751949
-0.032325737
0.003578432
-0.00804719
-0.023833381
-0.007191107
0.003886622
-0.029312322
0.018628391
-0.014313728
0.039996251
-0.052049916
0.037804674
-0.017669577
-0.020682992
0.016847737
-0.019587206
0.018765364
0.048762552
0.006026832
-0.024381276
0.019039312
0.009108735
-0.016710762
-0.026983773
0.026298907
-0.047392819
-0.003081903
0.024929171
0.022600623
0.009108735
0.031366922
0.033147577
0.020135099
-0.037530728
-0.009930576
-0.044653349
-0.009245709
0.012943991
0.006095319
-0.00213165
0.013765832
-0.003989352
0.026298907
0.016299842
-0.044105455
-0.011916691
-0.052049916
0.015546488
-0.037256781
-0.000663465
0.043831509
0.029586267
-0.017464116
-0.013012479
-0.019587206
-0.014313728
0.032736659
-0.020956939
-0.042735722
0.009245709
0.014108266
-0.016436815
-0.071226195
0.022874568
0.015614974
0.039448358
-0.024381276
-0.053693596
-0.015957408
-0.01068393
-0.077253036
0.000924571
0.030956004
0.08273197
-0.027120745
0.001857703
-0.028764427
0.061090164
-0.021093912
0.029860213
0.02328549
-0.027805613
0.005718642
0.003475702
-0.000761915
-0.02410733
0.016299842
0.016847737
0.064651474
0.001677925
-0.023970356
-0.004040717
-0.000468706
0.01698471
-0.066569105
-0.046297029
-0.02328549
-0.023559434
-0.029449295
0.012122152
0.00681443
-0.050406232
0.060816217
0.019587206
0.011300311
0.036708888
-0.036708888
1.05e-7
-0.003270241
-0.029860213
-0.053145703
0.001010179
0.027942589
0.027394693
0.038078625
0.003749649
-0.021778781
-0.02849048
-0.019313259
-0.036982834
-0.015614974
-0.022874568
0.030134162
-0.000736232
0.027531665
-0.010820903
-0.003030538
-0.005341965
0.100264579
-0.008663571
0.046023086
0.02766864
-0.02451825
0.092594057
0.076705143
-0.039996251
-0.01109485
-0.039722305
-0.031640872
-0.063007794
0.058898591
0.005889859
0.004794071
-0.033558499
0.038626518
-0.004246178
0.002003237
-0.033010606
-0.047392819
-0.032051791
-0.039448358
0.104647726
-0.015135569
-0.002602496
0.016916223
0.006232293
-0.031914815
-0.01006755
-0.041092038
-0.006471996
-0.019998126
-0.024792196
0.003133268
-0.002208697
0.026572851
0.028216532
0.028764427
-0.008184165
-0.01677925
-0.008218408
0.040270198
-0.00722535
-0.056707013
0.041092038
0.040818091
0.038626518
-0.021504834
0.00234567
0.022600623
-0.035065208
-0.014587673
0.017121682
-0.007088377
-0.008971762
-0.024655225
-0.016847737
0.00732808
0.009793603
0.031640872
-0.022874568
0.010136036
0.009451169
0.023011543
0.077800922
-0.031914815
0.038078625
-0.026572851
-0.074513562
-0.019587206
0.007567784
-0.013217939
-0.02451825
-0.01047847
-0.00304766
0.021641806
0.035339154
0.012190638
-0.019724179
0.048214659
0.038626518
0.014930107
-0.01383432
-0.007293837
0.019861152
-0.030956004
-0.025340091
-0.015683461
-0.014724648
0.033695474
-0.008286894
0.005855616
0.039448358
0.029449295
0.018354444
0.069034621
0.00397223
-0.002174454
-0.016299842
-0.048214659
0.024655225
0.020272072
0.035339154
-0.031777844
0.041913878
0.049858343
-0.003492824
-0.017258655
-0.00407496
0.031092975
-0.054789387
0.027805613
-0.033695474
-0.014587673
-0.012533072
-0.034243364
0.007567784
-0.060268324
-0.009519656
-0.05725491
-0.018628391
-0.000160516
0.039448358
0.07615725
0.019313259
0.061912008
-0.008629328
0.094237737
0.070678309
0.017258655
0.045201246
-0.00701989
0.018628391
-0.012601558
-0.047940712
-0.032325737
-0.082184076
-0.004657098
-0.046023086
0.022874568
0.002756591
0.04931045
0.029038375
0.013491887
0.01068393
-0.01698471
0.039722305
-0.00193475
0.002619617
0.043009669
0.032736659
-0.070130415
-0.045749135
-0.059446484
0.011848205
-0.016299842
-0.003698283
0.02725772
0.013491887
0.000650624
0.002311427
-0.041092038
0.014519188
-0.025203116
0.035613097
-0.017943524
-0.046844926
-0.017258655
0.000808999
-0.047940712
-0.000676306
0.013012479
-0.062185951
-0.018354444
0.053967547
0.039448358
-0.039722305
0.008218408
0.012943991
-0.030134162
0.022189701
0.046844926
0.035339154
0.002174454
-0.01698471
-0.017121682
-0.000398079
0.050680183
0.001951872
-0.017943524
0.000749074
-0.016025895
0.031914815
0.021367861
-0.046570979
-0.032462712
0.006026832
0.040270198
0.002123089
-0.025066145
0.073965669
-0.012943991
-0.016710762
0.068486728
-0.001172835
0.046570979
-0.048762552
-0.018628391
-0.039722305
-0.045749135
0.014176753
0.061638057
-0.006574727
-0.010752417
0.013491887
0.033558499
-0.029175347
0.016299842
-0.026435878
0.039448358
0.07615725
-0.011642745
0.006985647
0.024244305
-0.064377524
0.015614974
0.072321989
0.036160994
-0.020819968
-0.030271137
0.067938842
-0.014998594
0.00784173
-0.051228076
-0.041365985
-0.018765364
0.005273478
-0.056433063
-0.052049916
-0.031092975
-0.021641806
-0.007396567
0.003081903
0.011642745
-0.044927295
-0.00722535
0.042187825
-0.027531665
0.005752886
0.046297029
-0.01719017
-0.019724179
-0.016710762
-0.02328549
-0.001241322
0.017669577
-0.044653349
-0.04931045
0.007054133
0.020409046
0.008903274
-0.042735722
-0.02807956
-0.012327612
0.01698471
0.02451825
0.05341965
0.043557562
0.057528853
0.004554368
-0.029038375
-0.001386856
0.013080966
0.0289014
0.014108266
0.034106392
0.037530728
0.048214659
-0.027394693
-0.030956004
0.031229949
-0.015751949
-0.07944461
0.066021211
0.001549512
0.012670046
-0.003338728
-0.012259125
0.062733844
0.035887048
0.011231824
0.021778781
0.011163337
0.019039312
0.032599684
0.00193475
0.015341029
-0.010546956
0.027805613
0.022189701
0.009314195
-0.041365985
-0.0578028
0.001566634
-0.005650156
0.004588611
-0.023559434
-0.013423399
0.049584392
0.012259125
0.019724179
0.029723242
-0.009108735
0.0578028
0.019587206
-0.010820903
0.004297542
-0.004520124
-0.044653349
-0.027394693
-0.013902807
-0.033147577
0.02451825
-0.015272541
0.041913878
0.035339154
-0.006780186
0.022737594
0.031229949
0.025066145
-0.015614974
-0.000092564
0.006335023
0.012875506
0.000642063
0.086567223
-0.005752886
0.018354444
-0.015751949
-0.028627455
0.001292687
-0.104099832
-0.039996251
0.003407215
-0.065747261
-0.017669577
-0.006848673
0.061364114
-0.000342434
0.068760678
-0.000958814
-0.041365985
0.025887983
-0.012533072
0.011848205
-0.044105455
0.034243364
-0.015888922
-0.002482644
0.01403978
0.021778781
0.017806549
0.013354912
0.039174411
0.030956004
-0.013765832
0.00224294
-0.0289014
-0.011916691
