voyage-4:d29766f0bc75d39fec5069395306d1a082464953c9ec2b36d696c8d7964d282f
0.037984643
-0.030281464
-0.00434964
-0.020187642
0.041437794
-0.010492262
-0.010226635
-0.003536158
-0.023773605
0.009894602
-0.007703179
0.014343852
-0.038515899
0.017132934
-0.027093943
-0.030414278
0.004980504
0.051531613
0.046484701
0.008632874
0.012285244
-0.014543072
-0.027093943
-0.016336054
-0.028820517
-0.046484701
-0.001967299
0.028820517
-0.018859508
-0.013879004
-0.011621175
0.057641033
-0.000444095
-0.025234552
0.01965639
0.059500419
-0.060297307
0.026828315
-0.017929815
0.018062629
0.033336174
-0.015007919
-0.014875105
0.005445351
-0.009828195
-0.037719015
0.01294931
0.008632874
0.023906419
0.020984525
-0.033336174
0.003054709
-0.061625436
0.000113618
-0.057906661
-0.039844032
0.022843912
-0.026695503
0.030679906
0.023375165
-0.013414158
-0.001220223
-0.019390762
0.019523576
-0.004449251
0.01155477
-0.001884291
-0.02815645
0.082875587
0.013015717
0.014543072
-0.001004402
-0.010359448
0.014144631
-0.00730474
0.012019617
0.014078225
-0.032539293
-0.052594122
-0.03931278
-0.023507979
-0.017531374
0.03134397
-0.03121116
0.000776129
0.08075057
-0.00869928
-0.017797003
-0.000884039
0.021914218
0.012351651
0.014941512
-0.01925795
0.038250271
0.001743176
-0.011886803
-0.03665651
-0.033203363
-0.012617276
-0.072250515
-0.05285975
0.046750329
-0.032539293
-0.016867306
-0.000747076
0.012816498
0.001195321
0.01739856
-0.07331302
-0.05365663
0.022578286
0.030148653
0.002108413
-0.030812718
0.029086145
-0.065609843
-0.003668971
0.021781405
0.012218837
0.018992322
-0.018461069
-0.050469104
0.031476784
0.010027415
-0.016070427
-0.00227443
-0.050203484
0.015804799
-0.061094183
-0.035328373
0.035328373
0.027093943
0.017797003
-0.049937855
-0.02310954
0.004781284
0.009031314
-0.013347751
-0.01215243
-0.002623066
-0.016933713
-0.01739856
-0.002921896
0.044359691
-0.00005629
0.00730474
0.009496161
-0.012218837
0.002108413
0.016136833
0.010890703
-0.065875471
-0.005113318
-0.057109781
-0.057375409
0.026031435
-0.038515899
0.014808699
-0.034265868
0.037453391
-0.008898501
-0.028422076
0.03134397
-0.006209028
0.016601682
-0.032273665
0.066937976
-0.024968928
-0.005744182
-0.022047032
-0.009296942
0.032406479
-0.047015958
0.024304859
-0.014078225
0.026961129
0.026828315
-0.005544961
0.014808699
-0.027625198
-0.028953331
0.002855489
-0.00207521
-0.020453271
0.0908444
0.035062749
-0.035594005
-0.062156692
-0.006142622
0.001394541
-0.032273665
0.014609479
-0.085531853
-0.005677775
0.008234434
-0.00049805
-0.000929694
0.013082124
-0.095625676
-0.016933713
-0.013746192
0.020453271
0.014808699
0.017797003
0.017531374
-0.009363348
-0.003021506
0.020453271
0.043828435
-0.001643566
-0.008898501
-0.03400024
0.029883023
-0.027093943
0.019789204
-0.027093943
-0.002473651
-0.081281826
0.037984643
-0.029617399
-0.042500302
-0.038515899
-0.004117217
-0.008334043
-0.028023636
-0.03585963
-0.032140855
-0.030547092
-0.007171926
-0.011222736
-0.00434964
-0.054453511
-0.049140975
0.037984643
-0.014343852
0.06454733
0.045953453
-0.054719139
0.002340837
0.018593883
0.017929815
0.013347751
-0.033468988
0.005445351
-0.004233428
-0.006242232
0.023773605
-0.037719015
-0.078094304
-0.024570487
-0.012484464
0.001294931
0.050203484
0.009761788
-0.009961008
-0.03134397
0.045156572
0.012218837
0.076500542
-0.046750329
-0.033070549
-0.005810588
-0.025367366
0.052594122
-0.023507979
-0.047281586
0.001377939
-0.001693371
0.034531496
-0.044890944
-0.044625316
-0.002706074
-0.091906905
0.002888693
-0.011687582
0.11050079
-0.009363348
0.008566467
0.004017607
-0.038515899
-0.007669976
-0.010890703
0.019789204
-0.057641033
0.058437917
0.020586085
-0.012617276
-0.00820123
-0.024570487
-0.009894602
-0.015339953
0.020187642
-0.025367366
-0.029750209
0.017797003
-0.027226755
-0.055781644
-0.007039113
-0.013015717
0.027625198
0.091906905
-0.082344338
0.013879004
0.066141099
-0.00810162
0.034797121
-0.004714877
0.063219197
-0.00474808
0.02310954
0.023906419
0.032937735
-0.012418057
0.037719015
-0.011687582
0.043031555
0.01155477
0.024570487
-0.018461069
-0.024703301
0.036125258
-0.022445472
0.041172169
0.019789204
-0.010757889
0.030281464
-0.031078346
-0.056844153
0.041703422
-0.01195321
0.002805684
0.020984525
-0.04754721
-0.020453271
0.039047152
0.007736383
-0.02589862
0.000344485
-0.042765927
0.029617399
-0.055781644
0.002506854
0.013546972
-0.029617399
0.040375285
-0.032406479
-0.025234552
0.00730474
0.006939502
-0.03665651
0.015671985
0.023906419
-0.02310954
-0.03665651
0.061359812
-0.060031675
0.029750209
-0.057375409
0.033601802
-0.02855489
-0.043031555
-0.005046911
-0.035594005
-0.022843912
-0.018328255
0.018195441
-0.044094063
-0.015804799
-0.00740435
-0.023375165
-0.052328497
-0.000859137
-0.00157716
0.041172169
-0.003436548
0.028820517
-0.016535275
-0.015140732
0.006209028
-0.02855489
-0.028820517
-0.016336054
-0.009628975
0.01925795
0.003121116
-0.009961008
-0.00039429
0.008632874
0.000056031
0.033070549
-0.010824296
-0.047812838
0.025367366
0.028687704
-0.02815645
0.008765687
-0.005246131
0.015339953
0.024836114
0.01314853
0.000805181
-0.026297061
0.019789204
-0.043297183
0.018062629
0.006209028
-0.009496161
-0.006607469
-0.036390882
-0.000103242
0.016867306
0.035328373
-0.039578408
0.012218837
0.00187599
-0.077031799
0.020984525
0.010625076
0.012351651
-0.015074327
-0.02310954
-0.011289143
-0.005080114
-0.031078346
-0.006175825
-0.002556659
-0.041703422
-0.030414278
0.046750329
-0.020187642
-0.02589862
0.021515777
0.025234552
-0.01560558
-0.011421956
-0.037453391
-0.013945411
-0.043562811
0.012816498
0.034265868
0.016070427
-0.03931278
-0.008134823
-0.03931278
-0.083938099
0.015273546
0.015273546
-0.043031555
-0.006441452
0.046750329
0.024039233
0.005876995
0.000205446
0.028687704
0.011289143
-0.010890703
-0.021781405
-0.022312658
-0.031476784
0.003901395
-0.007935603
0.00740435
-0.021781405
-0.036125258
0.012750091
0.00405081
-0.016601682
0.013812599
0.057641033
0.011886803
0.046750329
-0.000222047
0.000232424
-0.035062749
-0.060562927
0.043297183
0.022843912
-0.008566467
-0.024437673
-0.002291032
0.001278329
-0.032406479
-0.022578286
0.005246131
-0.019922016
0.018195441
-0.048609719
0.026695503
-0.006375046
-0.012484464
0.013945411
-0.010093821
0.019125136
0.007703179
0.039047152
0.03931278
0.023242351
0.003303734
-0.013613378
-0.060031675
-0.030015837
-0.013480565
0.037453391
0.008765687
-0.002805684
0.019523576
-0.004648471
0.002357438
-0.018461069
-0.027758008
-0.008632874
-0.044359691
0.037719015
0.02815645
-0.017132934
-0.030281464
0.04196905
-0.025234552
0.032008041
-0.004316437
-0.070125498
0.002108413
-0.045156572
-0.054719139
0.030812718
-0.014543072
-0.03585963
-0.01925795
-0.002340837
-0.020718897
0.004714877
-0.013082124
-0.034797121
0.012019617
-0.047015958
0.056844153
-0.017132934
0.068000481
-0.023773605
-0.023242351
0.029351771
-0.018859508
0.018461069
0.04010966
0.007205129
-0.006142622
0.012683683
0.012750091
-0.036125258
0.019390762
0.012418057
-0.027625198
-0.026297061
-0.006740282
-0.006408249
0.008068416
0.027758008
0.026297061
0.026429875
-0.035328373
0.007437552
-0.015339953
-0.020187642
0.0227111
-0.018726695
-0.025500182
0.021382963
-0.011222736
-0.006939502
0.043562811
-0.050469104
-0.014675885
-0.030148653
0.026961129
-0.026297061
-0.003204125
0.013613378
0.01314853
0.002000503
-0.023640793
-0.069594242
-0.047812838
0.000103242
0.016269647
-0.016336054
-0.010957109
0.069062993
-0.005080114
-0.02310954
-0.028023636
-0.001062508
0.030547092
-0.063219197
-0.058172289
0.001344736
0.047015958
-0.060562927
0.030945532
0.047281586
0.030945532
-0.021382963
-0.017132934
0.04754721
0.043828435
-0.037719015
0.057641033
0.017664187
0.012418057
0.009695381
0.001411143
-0.004183623
-0.015074327
0.049140975
-0.002440447
0.030281464
0.017664187
-0.056844153
0.037719015
0.002423845
0.007105519
-0.056844153
-0.035062749
-0.030148653
-0.025367366
-0.043031555
0.015207139
0.009031314
0.018062629
0.014410258
0.018859508
-0.02005483
0.049672227
-0.010027415
0.037984643
-0.002905294
-0.00730474
-0.002689472
-0.013945411
0.01620324
0.018195441
0.036922138
0.01700012
-0.006142622
-0.014011818
0.017929815
-0.064281709
-0.004283234
-0.046750329
-0.026297061
0.025632996
0.037187766
0.000269777
0.01560558
0.015738392
0.056844153
-0.016535275
0.044359691
0.004615267
-0.01620324
0.067734852
0.072250515
-0.016601682
0.010226635
-0.001153817
-0.03134397
-0.071719259
0.014343852
-0.017664187
-0.03931278
0.005080114
0.012683683
0.011289143
-0.004980504
-0.013281344
-0.051531613
-0.019523576
-0.07862556
0.031609599
-0.047281586
-0.01560558
-0.008367247
-0.012750091
0.004648471
-0.029484585
-0.026562689
-0.007703179
-0.010757889
-0.024968928
0.024172047
-0.012617276
0.017265748
0.024703301
0.000821783
-0.025500182
0.002706074
-0.021515777
0.023906419
-0.000334109
-0.035062749
0.056578524
0.070125498
0.033734612
0.027758008
-0.037453391
0.051531613
-0.003038107
-0.000547855
0.007005909
0.001402842
-0.022843912
-0.047812838
-0.049406603
0.008898501
0.057906661
0.022976726
-0.01925795
-0.007935603
0.050203484
0.000718023
0.0454222
0.002108413
0.015007919
-0.011820396
-0.048609719
0.003038107
0.03665651
0.033336174
-0.001294931
0.028422076
-0.007537163
0.041437794
-0.007703179
-0.034265868
0.002855489
0.022047032
0.024304859
-0.032539293
-0.05285975
-0.041172169
-0.014609479
-0.025234552
0.007869196
0.012418057
0.027093943
-0.005345741
-0.018461069
0.014941512
0.068531737
-0.000338259
0.01739856
0.049140975
-0.009164128
-0.000344485
-0.022312658
-0.038781524
0.055781644
0.003602565
0.015140732
-0.008832093
0.008433653
0.064016081
0.04754721
-0.033336174
-0.010625076
0.027625198
-0.025632996
0.001560558
0.057906661
0.015871206
-0.016269647
-0.017265748
-0.036125258
-0.034531496
-0.016269647
-0.03931278
-0.022047032
0.042234674
0.006441452
0.055516016
-0.010027415
0.036390882
0.009761788
0.064281709
0.039578408
0.034265868
0.043297183
-0.078094304
0.00869928
-0.003502954
-0.030281464
0.000527103
-0.043031555
-0.01294931
0.012816498
0.036125258
-0.020984525
0.057109781
0.017664187
0.015871206
0.057641033
-0.029351771
0.054187886
0.024304859
-0.012484464
0.005478554
-0.017132934
-0.054187886
-0.051797241
-0.002888693
0.018461069
-0.03931278
-0.046484701
0.068000481
0.001510753
-0.000522953
0.019125136
-0.055250395
-0.00484769
-0.014742292
-0.015406359
0.009562568
0.000929694
-0.035062749
0.011621175
-0.012019617
0.008334043
-0.009761788
-0.07331302
-0.022179846
0.081813082
-0.002241227
-0.004017607
-0.043297183
-0.028953331
-0.038781524
-0.007437552
0.034797121
0.048344094
0.029883023
-0.003768582
0.002540057
0.022843912
0.035594005
0.00810162
0.020187642
0.006375046
-0.061359812
0.03400024
-0.000329958
-0.06454733
-0.013414158
0.032008041
-0.001353037
0.02589862
0.01135555
0.022312658
-0.026429875
-0.044359691
0.019390762
0.025765806
0.055516016
-0.013015717
0.014011818
-0.036390882
0.008267637
-0.009628975
0.063484825
-0.025765806
0.017531374
0.012285244
0.033070549
0.004582064
0.016336054
-0.012484464
-0.020453271
0.045953453
0.009363348
0.018461069
0.021914218
-0.049937855
0.049406603
0.034531496
0.069594242
-0.005910198
-0.029617399
0.037187766
-0.053391006
-0.01965639
-0.052062869
-0.021781405
-0.030547092
0.012683683
-0.023773605
-0.069062993
-0.006507859
0.005412148
-0.051000364
0.030547092
-0.01135555
-0.042500302
-0.018593883
0.035594005
-0.057906661
-0.025101742
-0.000672368
-0.009562568
0.024039233
-0.018328255
-0.014875105
0.04196905
0.026031435
-0.057109781
-0.041703422
0.029883023
0.020320456
0.009363348
-0.054187886
-0.032406479
0.003021506
-0.011289143
-0.027093943
0.057375409
0.035328373
0.007271536
-0.024172047
-0.011488363
-0.014543072
0.00375198
0.013015717
-0.028023636
0.004233428
0.055516016
0.009164128
-0.04754721
-0.049937855
-0.008334043
0.029086145
-0.01560558
0.052062869
0.007205129
-0.009164128
0.011289143
-0.006408249
0.010824296
0.028953331
-0.024437673
0.026164249
-0.002905294
0.03931278
-0.005212928
-0.005013708
-0.002307634
0.044094063
-0.012617276
0.001834486
-0.004615267
-0.029750209
-0.03585963
0.02589862
-0.005179724
-0.016800901
-0.019390762
0.029218959
0.067203604
-0.010293042
0.029750209
0.023773605
-0.017797003
0.013546972
0.010359448
-0.042765927
-0.030015837
-0.006873096
-0.031476784
0.016535275
0.014277445
-0.017132934
0.024172047
-0.003187523
0.029218959
0.024304859
-0.001950698
0.01925795
0.039578408
0.022445472
0.007703179
-0.006574265
-0.022179846
0.049937855
-0.010824296
0.039047152
0.002772481
0.013879004
-0.032539293
0.030812718
-0.008267637
-0.069062993
-0.009894602
-0.005710978
-0.048344094
-0.044094063
-0.02589862
0.032672107
-0.069062993
0.029750209
0.057375409
-0.054984767
0.020984525
-0.011753989
0.019922016
-0.051797241
-0.002473651
-0.017797003
-0.010425855
-0.01965639
0.016336054
-0.002141617
0.014078225
0.064281709
-0.001560558
-0.024437673
-0.016535275
-0.047281586
-0.029883023
