voyage-4:7995ae3362390d264ca822f79ce91978fb4cc8906423da0de7cd519a5fc793ea
0.025683988
-0.003607302
0.003643374
-0.018902261
0.016665732
0.020345179
-0.038958855
0.012697702
0.001587213
-0.002074198
0.042421866
-0.025251111
-0.005014149
0.002245545
0.008657523
0.003246571
0.049347881
-0.008621451
0.079649217
-0.011759803
-0.013058431
-0.045019124
-0.023519605
-0.010244736
-0.029868456
0.038381688
-0.001451939
0.033331465
-0.030589916
0.00031113
-0.001478994
0.047616377
-0.037804522
-0.000412585
-0.012264824
0.038381688
-0.080226384
0.016665732
-0.025972571
0.055696733
-0.006096339
-0.066085763
-0.039536025
0.006673508
0.007755699
-0.034918677
0.04328762
-0.010389028
-0.017387193
0.023231022
0.017459339
-0.011182634
-0.007394968
0.022653854
-0.033620048
-0.00645707
0.008368939
0.003571228
0.022942437
0.048482131
-0.025251111
0.027415492
0.006132412
-0.025395405
0.002615294
0.018613676
0.008910035
0.000820661
0.057716824
0.033042882
0.026838323
0.008585378
-0.009018254
-0.012769848
0.001046117
-0.013058431
0.008837888
0.003589265
-0.049347881
-0.021210933
-0.042421866
-0.019190844
0.026116863
-0.052233726
0.007250676
0.006565289
-0.038093105
-0.00263333
-0.027126908
0.006637435
0.010894051
-0.003625338
-0.007322822
-0.013779892
0.012120533
-0.023663897
-0.069548771
-0.00459931
0.0272712
-0.047616377
-0.070125937
0.046173457
-0.004094287
0.013419162
-0.042999033
0.032610007
-0.010821905
-0.004581273
-0.030012747
-0.013779892
0.05685107
0.030734209
0.008188575
-0.033620048
0.029002704
-0.022365268
0.026261156
-0.015944272
0.004418944
-0.014862082
-0.012841994
-0.039824609
0.036361601
-0.036794476
-0.026116863
-0.003877849
-0.039824609
0.038381688
-0.031311378
0.006168485
0.058871157
0.022220977
0.01233697
0.014068476
0.000116674
-0.014573498
0.007755699
-0.011471218
-0.042999033
0.042999033
0.000253638
0.008368939
-0.007972136
0.047904961
0.009126473
-0.006168485
0.001947943
-0.032032836
0.006637435
0.027848367
0.027126908
-0.061468419
-0.035784431
-0.016088566
-0.072146028
0.036361601
0.002434928
-0.030012747
-0.018397238
0.044730537
-0.029435579
-0.016377149
0.011543364
0.006312778
0.030589916
0.010533321
0.046173457
-0.04559629
0.006529216
0.048482131
0.047327794
0.001154336
-0.004869857
0.033187173
-0.024529649
0.006781727
0.009378984
0.008982181
0.057139654
-0.051945142
-0.038381688
0.012409116
0.042999033
-0.023519605
0.032610007
0.035062969
0.028858412
0.002759586
-0.068683021
0.02164381
-0.004833784
-0.01197624
-0.087152407
-0.014068476
-0.040690359
0.003949995
-0.006637435
0.041556112
-0.091769747
-0.010894051
-0.036650185
0.009595422
0.01017259
0.011904094
0.004978076
-0.030878501
0.03145567
-0.000789097
0.041267529
-0.00119041
0.001199428
-0.038958855
-0.004202506
0.004382871
0.020200888
-0.024673941
-0.006565289
-0.098118596
0.023519605
0.027559783
-0.008585378
-0.00753926
0.000459931
-0.000471204
-0.022942437
-0.022365268
-0.042999033
-0.08657524
-0.013130578
0.001866778
-0.015655689
-0.020056596
-0.034197219
0.040690359
-0.013852037
0.013491307
0.00598812
-0.070991695
0.023808189
0.037515935
-0.002489038
-0.013058431
-0.012625556
-0.030445624
-0.011471218
-0.007755699
0.011254781
-0.047904961
0.002452965
-0.003895886
0.016954318
-0.005374879
0.045019124
-0.002795659
-0.006637435
-0.05598532
0.014429206
-0.020633765
0.029868456
0.009523276
0.027126908
-0.022653854
-0.00981186
0.051945142
-0.001542121
-0.012769848
0.005915974
-0.007611406
0.036794476
-0.057428237
0.013491307
0.003625338
-0.021210933
-0.014140622
-0.010677612
0.035640139
-0.022365268
0.007575333
-0.00753926
0.002561184
0.033187173
-0.027126908
0.012120533
0.003463009
0.007214603
0.014862082
-0.0418447
0.018757967
-0.02582828
-0.025683988
-0.012120533
-0.022076685
-0.019046552
-0.033187173
0.039536025
-0.021066641
-0.060891248
-0.013347016
-0.032465715
0.035784431
0.075031869
-0.069548771
-0.00155114
0.035062969
0.025106819
0.011687657
0.021210933
0.049636465
0.011759803
0.036938768
0.026116863
-0.003787666
0.020633765
0.032032836
0.018036507
0.032321423
0.017026464
-0.000183747
-0.007286749
-0.028858412
0.050213639
-0.020489473
0.036938768
0.013202724
0.00119041
0.028136952
-0.046173457
-0.068394437
0.046750627
0.017387193
-0.03145567
0.03145567
-0.020200888
-0.063488506
0.017315047
0.016593587
-0.018108653
0.004869857
-0.035784431
-0.011904094
-0.059448328
0.015872126
0.043864787
-0.004382871
0.070991695
0.049347881
0.011110488
0.004653419
-0.025972571
-0.026261156
0.04271045
0.077340543
-0.014862082
-0.01017259
0.008837888
-0.047616377
0.017675776
-0.031744253
-0.000534332
-0.02092235
-0.037804522
0.007611406
0.024673941
-0.018180801
-0.030734209
0.03289859
-0.020489473
-0.015655689
0.003228535
-0.034630094
-0.027704075
0.028425535
0.030878501
0.048482131
0.005158441
0.015150665
-0.024673941
0.013852037
-0.014212768
-0.012192679
-0.014068476
0.000462186
-0.028858412
-0.03520726
0.00449109
-0.014717789
0.025395405
0.008152502
0.016160712
-0.051079392
-0.017892215
-0.048482131
0.02799266
0.039536025
-0.020200888
0.033331465
0.004346798
-0.013924183
0.034630094
0.040113192
0.009739714
0.022076685
0.003192462
0.022942437
0.037515935
0.017098609
-0.048770715
-0.020633765
-0.047904961
-0.026116863
-0.00413036
0.046462044
-0.039824609
0.025539696
0.007647479
-0.052522313
0.04559629
-0.005086295
-0.006745654
0.014789936
-0.055119567
0.036073014
-0.005086295
-0.047616377
-0.006962092
-0.012769848
-0.030878501
-0.017387193
0.083112225
-0.010028298
0.004725565
0.050502222
-0.028425535
-0.024385357
-0.001059645
-0.044730537
-0.007863917
0.024385357
0.021066641
0.045019124
0.002651367
-0.047327794
0.021355225
-0.04271045
-0.030012747
-0.00191187
0.04415337
-0.090615414
-0.046750627
0.030878501
-0.006420997
0.008224647
-0.0136356
0.061179832
-0.031599961
-0.000122874
-0.02582828
-0.002669403
-0.021355225
-0.021355225
-0.017892215
0.027559783
0.008693596
-0.051079392
0.071857445
-0.005158441
-0.011904094
-0.038381688
0.061468419
0.007250676
0.049059298
-0.009198619
-0.028714119
-0.003210498
-0.018325092
0.047327794
-0.010244736
0.014068476
-0.034918677
-0.008116429
0.012192679
-0.034485802
-0.006493143
-0.021355225
0.014068476
-0.048770715
0.018613676
0.028569827
-0.026982615
-0.029724164
0.045019124
-0.020345179
-0.001875797
-0.006709581
0.042999033
0.047039211
0.04559629
0.012120533
0.01688217
-0.001073172
-0.038670272
-0.028425535
-0.001262555
0.029724164
0.040401775
0.03434151
0.038958855
0.001587213
-0.003228535
0.00826072
0.007142457
-0.036650185
0.016521441
0.006673508
-0.0418447
0.006348851
0.018180801
-0.020778056
0.001127282
-0.003877849
-0.083112225
-0.019335136
-0.058293991
-0.014573498
0.015511397
-0.008693596
-0.004274652
-0.029724164
0.00598812
-0.01782007
-0.008332866
0.005771682
-0.003607302
-0.016160712
-0.037227351
0.068971604
-0.053388063
0.056562487
-0.026405448
-0.018469384
0.025539696
-0.009054326
0.032610007
0.070703104
0.028858412
-0.007286749
0.011543364
0.009162546
-0.031311378
-0.009739714
0.029146995
-0.04328762
0.001118263
0.012481263
-0.023808189
-0.015006374
0.002849768
0.048482131
0.012409116
-0.025251111
0.005014149
-0.056273904
-0.019190844
0.006529216
-0.000933389
-0.024241066
0.019479427
0.013852037
0.056562487
0.004797711
-0.031167086
-0.006962092
-0.045884874
0.001451939
-0.034630094
-0.028281244
0.035928722
0.014789936
-0.074454702
-0.008477159
-0.014717789
0.013419162
0.013852037
-0.015294958
-0.01197624
-0.023663897
0.020489473
-0.002813695
-0.073011786
0.005230587
0.017387193
0.026694031
-0.020778056
-0.050502222
0.019623719
-0.016160712
-0.062911339
0.018902261
0.024673941
0.052522313
-0.028569827
-0.01017259
-0.042999033
0.043864787
-0.025106819
0.051656559
0.016232857
-0.033908635
0.029724164
0.009956152
-0.047327794
-0.024385357
0.022076685
-0.003986068
0.031311378
-0.001163355
-0.00562739
-0.027126908
0.008585378
0.001605249
-0.062622756
-0.049925052
-0.014357059
-0.008116429
0.009956152
0.00826072
-0.010966197
-0.042999033
0.024096774
0.006312778
-0.011831949
0.052233726
-0.038381688
-0.015799981
0.027559783
0.014934228
-0.018902261
-0.010605467
0.032465715
-0.004942003
0.035495847
0.019190844
-0.018036507
-0.056562487
-0.022798145
-0.047616377
-0.025251111
0.01399633
0.000372003
0.014789936
0.034052927
-0.000288584
0.030301331
0.006348851
0.094078422
0.001875797
0.052522313
0.010244736
-0.030589916
0.094078422
0.051656559
-0.016954318
-0.007647479
-0.026116863
-0.019479427
-0.084266566
0.024241066
-0.009162546
-0.041267529
-0.032610007
0.037227351
-0.023519605
0.010028298
-0.029724164
-0.050790809
-0.026982615
-0.073300369
0.074454702
-0.000744006
0.03520726
-0.022653854
0.007503187
-0.050790809
0.005302733
-0.032177132
-0.019190844
-0.024818232
-0.002651367
0.018902261
0.016954318
0.037804522
0.014429206
0.030301331
-0.035784431
0.006493143
-0.028714119
0.029579872
0.00024462
-0.047616377
0.027415492
0.073011786
0.030157039
-0.024962526
-0.017387193
0.022365268
0.012048387
-0.010966197
0.015222812
-0.017242901
-0.013563454
-0.011182634
-0.045884874
0.015294958
0.023086729
0.033620048
-0.020633765
-0.005122368
-0.010821905
0.00981186
0.045884874
-0.051367976
0.030445624
-0.021210933
-0.053676646
-0.038093105
0.019912304
0.037804522
0.005410952
0.010100444
-0.01399633
0.009523276
0.024529649
0.040113192
-0.0418447
0.026694031
0.043576203
0.044441953
-0.035351552
0.015727835
0.022509562
-0.02092235
-0.029146995
0.001542121
-0.022798145
0.032465715
0.014068476
0.018613676
0.02582828
0.031599961
0.030589916
0.05309948
-0.023231022
0.006709581
-0.034197219
-0.043864787
0.006637435
0.000793606
0.034918677
-0.029146995
0.037227351
0.049925052
-0.00945113
-0.031022795
-0.015222812
0.025106819
-0.036505893
0.021932393
-0.010461175
-0.001785614
-0.013058431
-0.052522313
0.015439251
-0.069548771
0.001902852
-0.067817271
-0.016305003
-0.003246571
0.002146344
0.050213639
0.005158441
0.033042882
-0.002263582
0.065508597
0.037515935
0.011543364
0.040401775
-0.009667568
0.017459339
-0.018757967
-0.033620048
-0.023519605
-0.054830983
-0.018902261
-0.059736911
0.008910035
0.00526666
0.031167086
0.033908635
0.02164381
0.04559629
0.005807756
0.044441953
-0.006889946
-0.011759803
0.041556112
0.033331465
-0.075609043
-0.07618621
-0.025683988
0.005338806
-0.03376434
-0.045019124
0.017026464
0.019046552
0.014934228
-0.014429206
-0.070125937
0.01233697
-0.007972136
0.01017259
0.003300681
-0.028136952
-0.015222812
-0.004220542
-0.030589916
-0.009306838
-0.004942003
-0.061468419
-0.022942437
0.039824609
0.032177132
-0.054830983
0.01197624
-0.009306838
-0.000166838
0.022220977
0.025251111
0.013491307
-0.016377149
-0.032177132
-0.017026464
-0.017459339
0.029435579
0.006781727
0.022076685
-0.000268293
-0.021499516
0.030012747
-0.009198619
-0.044441953
-0.006420997
-0.00098299
0.031311378
0.034197219
-0.036505893
0.041267529
-0.029579872
-0.036650185
0.072434612
0.00753926
0.014140622
-0.044730537
-0.016954318
-0.024673941
-0.030589916
0.019046552
0.035351552
0.001091209
0.005050222
0.020633765
0.024096774
-0.005230587
0.051945142
-0.029724164
0.005699536
0.068683021
-0.005447025
0.017242901
0.05540815
-0.05685107
0.03289859
0.08657524
0.061179832
-0.03520726
-0.032610007
0.064354263
-0.030445624
0.003156389
-0.027704075
-0.021210933
-0.014140622
0.008224647
-0.036794476
-0.032032836
-0.025106819
-0.02654974
0.003264608
0.003841776
-0.021210933
-0.04559629
-0.030878501
0.037515935
-0.01291414
0.000577168
0.067240097
-0.021355225
-0.02395248
-0.01782007
-0.023231022
0.013707746
0.018108653
-0.033475757
-0.024529649
0.014789936
0.015222812
0.018757967
-0.073300369
-0.026982615
-0.003535155
0.027848367
0.006601362
0.030012747
0.042421866
0.010244736
0.01291414
-0.047327794
-0.002362783
0.001884815
0.030445624
-0.010966197
0.028136952
0.039536025
0.041556112
-0.035640139
-0.038381688
0.017170755
0.004346798
-0.083689399
0.053388063
0.014862082
0.007827844
-0.028714119
-0.005086295
0.062911339
0.019190844
0.011831949
0.026405448
0.005230587
-0.011904094
-0.010966197
0.024241066
0.004364835
-0.044730537
0.046173457
0.010461175
-0.002344746
-0.034918677
-0.044730537
-0.001077681
-0.001578194
-0.000951426
0.000599714
-0.007034238
0.035495847
0.016016418
-0.002452965
0.016593587
-0.003426936
0.052522313
0.022942437
-0.020345179
-0.022653854
-0.015222812
-0.038958855
-0.016377149
-0.008152502
-0.027559783
-0.004328762
0.010533321
0.056273904
0.021355225
-0.027704075
0.037227351
0.035351552
0.011759803
-0.018252946
-0.019190844
0.006962092
-0.002092235
-0.018469384
0.07791771
0.021499516
0.030157039
-0.028281244
0.000178111
0.006168485
-0.096964262
-0.001068663
0.002795659
-0.04559629
-0.01327487
-0.014357059
0.06752868
-0.012048387
0.072146028
0.029146995
-0.022509562
-0.006384924
-0.010028298
-0.018036507
-0.059159745
0.014862082
-0.011182634
0.007214603
0.016521441
0.009884006
0.022365268
0.013779892
0.011687657
0.006060266
-0.008224647
-0.012697702
-0.039536025
-0.002759586
