voyage-4:33e328c524e1850bb3cc5f925c01ac3ad1a4cb0e95c9f69523081d45b9ff7349
0.041754164
-0.03510103
-0.007685519
0.01686226
0.011585633
0.022368303
-0.01514162
0.029136149
0.013937173
0.006624459
-0.056666367
0.013593046
-0.040607076
-0.018468188
-0.026038999
0.055289853
0.021794757
0.038542304
0.040607076
0.011929762
0.025236035
0.007800229
-0.011700342
-0.013191563
-0.011126797
-0.01686226
-0.013191563
-0.01066796
0.025236035
0.000233003
-0.01514162
0.037395213
-0.017550515
0.005706785
-0.02902144
0.030283241
-0.030283241
-0.03647754
-0.021680048
0.038083471
0.045424864
-0.014797494
-0.0061943
-0.00906203
-0.064696014
-0.047030788
-0.025121326
-0.040148236
0.017321097
0.018468188
-0.030283241
-0.006050913
-0.004531015
0.017321097
-0.026956674
0.001319156
0.046342533
0.004989852
0.011872407
0.003054134
0.009979704
0.051160321
-0.064237177
0.007800229
0.041065909
0.035559867
-0.008545838
-0.020762373
0.012101825
-0.018009352
0.006366363
-0.02558016
-0.04680137
-0.003756728
-0.004244242
0.03188917
0.00757081
-0.030512659
0.007312715
-0.048866138
-0.007914938
0.004703079
-0.004014824
-0.055289853
0.012503308
-0.010151769
-0.025465451
-0.059648804
-0.009750286
-0.012618017
-0.015715167
0.022483014
0.012101825
0.005391335
0.038771722
0.038083471
-0.039918818
0.004072178
-0.028218474
-0.017091677
-0.053225093
-0.015256329
-0.021565339
0.045424864
-0.008717903
0.027874347
-0.012560663
0.005133239
0.000083792
0.001878364
-0.009750286
0.04863672
0.02133592
-0.023974232
0.054372184
-0.036936376
-0.013191563
-0.012101825
0.041983586
0.066072524
-0.039689399
-0.009979704
0.020991793
0.019041736
-0.062860668
-0.015715167
0.016059294
0.052077997
-0.037395213
-0.026612546
-0.036706958
0.042901259
0.007111973
-0.006050913
-0.038771722
-0.001691961
0.010094414
0.016174003
-0.040607076
0.049783815
-0.006997264
-0.024891907
0.024433069
0.050930902
-0.003785405
-0.029824402
-0.00757081
0.043818932
0.021909466
-0.003599003
0.024891907
0.001333495
-0.041983586
-0.008775258
0.003986146
0.015829876
-0.016747551
-0.017435806
-0.025465451
0.020991793
-0.014223946
-0.056666367
0.030053822
-0.027530218
0.013593046
-0.017779933
0.061484154
0.010094414
-0.063319504
0.026956674
-0.001139923
-0.008603193
-0.06515485
-0.013994528
0.043818932
0.000326204
-0.016174003
-0.013535691
0.042442422
-0.019729991
-0.038083471
0.015829876
0.010954733
0.029365567
0.01215918
0.040377654
0.018582897
-0.06653136
-0.059189975
0.006796523
-0.011241507
0.00714065
-0.052307416
-0.027071383
-0.027300801
-0.047948465
-0.055060435
-0.022024175
0.010840024
-0.051389739
-0.027071383
0.027300801
0.076166943
0.05804288
0.017779933
-0.065613687
0.007226683
0.028562602
0.077084608
0.023171267
-0.022024175
-0.030742077
-0.007456101
-0.010266477
0.013363628
-0.004760434
-0.029824402
-0.055978112
0.04726021
-0.002896408
0.004272919
-0.02133592
-0.023974232
0.004817788
0.001039553
-0.026497835
0.004444983
-0.022368303
0.020647664
0.027989056
-0.018468188
-0.006022235
0.01066796
-0.014797494
-0.040148236
0.014166592
0.00181384
-0.04404835
0.028677311
-0.03372452
0.039001144
-0.04726021
-0.007054619
0.025350742
0.032118589
0.020991793
0.002953763
0.018124061
-0.009807641
-0.014166592
0.054142766
-0.013937173
0.025694869
0.021221211
-0.043818932
0.048407301
-0.016518131
0.030971497
0.001125584
0.020762373
0.02592429
-0.015600458
-0.006939909
0.082131818
0.015944585
-0.046571951
0.015485749
-0.038771722
0.005993558
-0.042671841
0.03510103
-0.004846465
-0.018582897
-0.024777198
0.051619161
0.061942995
-0.049324978
-0.020188827
-0.01663284
0.004444983
0.064237177
-0.025350742
-0.032806844
-0.042901259
0.012445954
0.021565339
-0.029136149
-0.016174003
0.014682784
-0.00607959
-0.019271152
0.000559208
0.004473661
-0.018812317
-0.039689399
-0.036706958
-0.017435806
-0.014568075
0.005477367
0.039230563
0.021680048
-0.018009352
0.03188917
0.040836491
0.028447893
0.023171267
0.042213004
0.027300801
0.041065909
0.034412771
0.029594988
-0.000724102
-0.027071383
0.018812317
0.031430334
0.056895785
0.010495896
0.00266699
0.016059294
-0.072955079
-0.006337686
0.000953521
0.031430334
-0.005075885
0.028447893
0.049324978
-0.038542304
-0.023974232
0.06515485
-0.005477367
-0.025465451
-0.039689399
0.005276626
-0.031659752
0.001577252
-0.004416306
-0.042213004
0.018009352
-0.041524746
-0.036706958
-0.01066796
0.029594988
-0.002222492
0.01290479
0.01227389
-0.024662489
-0.013879818
0.024891907
-0.02294185
-0.050013233
0.04909556
-0.002695667
-0.031659752
-0.002566619
0.080755308
-0.056666367
0.008201711
0.004703079
0.006280331
-0.034412771
-0.019729991
0.039001144
-0.020303538
-0.044507187
-0.001182939
0.028677311
-0.007857583
0.053225093
0.011757697
-0.023974232
-0.009004676
0.008660548
0.008029647
0.048177883
-0.003756728
-0.049324978
-0.036706958
-0.018927027
0.008775258
-0.006309009
-0.014453365
-0.029594988
-0.022368303
0.023859523
-0.023859523
-0.017091677
0.015715167
-0.020991793
-0.017665224
-0.01663284
-0.032577425
-0.066072524
-0.016174003
0.025006616
-0.005362657
0.032118589
-0.049324978
0.039918818
-0.007398747
0.023744814
0.002509265
0.00362768
-0.019041736
0.037624635
0.020991793
-0.000810134
0.022253593
0.006681814
-0.009750286
-0.033036262
0.028906731
0.004875143
-0.008775258
-0.009234094
-0.008717903
-0.011642988
0.023515394
-0.014568075
-0.004559692
0.021909466
-0.023630105
-0.001039553
-0.002925086
-0.039459981
-0.021794757
0.00458837
-0.035330448
-0.011585633
0.017435806
0.03831289
-0.000785041
0.051160321
-0.018812317
0.028333183
-0.008201711
0.009234094
0.020188827
0.017665224
-0.011012088
-0.007800229
0.042213004
0.004301596
-0.006882554
-0.044277769
-0.022138884
0.026727255
-0.015485749
-0.018697606
-0.023171267
0.080296472
-0.023285976
0.052995671
0.008947321
0.072496243
-0.012331245
0.029365567
-0.016976969
0.010209123
-0.000892581
-0.054372184
-0.022597723
0.020991793
0.005993558
-0.015600458
0.031430334
0.010610606
-0.015256329
-0.033495102
0.060566481
-0.009119385
0.005936204
-0.04726021
0.03647754
0.073872752
-0.035559867
0.028333183
0.027186092
0.02454778
-0.016403422
-0.039230563
0.001935719
0.009979704
0.027071383
-0.014797494
-0.061025318
-0.047719046
-0.024433069
0.061942995
0.001039553
-0.044277769
-0.035330448
-0.010323832
-0.035330448
-0.039001144
0.040607076
0.039001144
-0.003398261
0.039689399
-0.02133592
-0.04863672
-0.017550515
0.030742077
-0.030053822
-0.001684792
-0.025465451
-0.002910747
-0.008717903
-0.037395213
-0.043818932
0.045424864
-0.083508328
0.004387629
0.033953939
0.005506044
-0.037624635
0.032118589
0.007800229
-0.04726021
-0.024891907
-0.021221211
-0.041983586
0.028103765
-0.031659752
-0.086261354
0.083508328
0.052077997
-0.002580958
0.049554396
-0.03326568
-0.05047207
-0.002580958
0.024891907
-0.019500572
0.020074118
-0.023974232
0.032348007
-0.050013233
0.02902144
0.032806844
-0.021106502
-0.002193814
0.015944585
0.003039795
0.036018703
0.005534721
-0.007111973
0.044736605
0.042213004
-0.009463513
0.017550515
0.000075278
-0.022253593
-0.021794757
0.023974232
0.025121326
0.006538427
0.024662489
0.055748694
0.03188917
-0.082590654
-0.017091677
-0.013879818
0.015371039
0.025121326
-0.000831642
-0.011757697
0.032348007
-0.007284037
-0.045195445
0.006280331
-0.002193814
-0.029824402
-0.016174003
-0.020418245
-0.052077997
-0.064237177
0.017779933
0.026727255
-0.005506044
0.018124061
-0.005305303
-0.007456101
0.023515394
-0.033953939
-0.045424864
0.020303538
0.022368303
-0.042442422
-0.045195445
-0.014453365
0.006423717
0.040836491
-0.021909466
-0.005276626
-0.01686226
0.013363628
-0.036248121
-0.00202175
0.04404835
0.000655994
-0.027300801
0.023630105
-0.038542304
0.063778341
0.01066796
-0.003125827
-0.024088942
0.027989056
0.029824402
-0.008373776
0.016403422
0.017091677
0.021680048
0.002595297
0.052995671
0.037165795
0.007857583
0.002279846
-0.047719046
-0.052766252
-0.006366363
-0.010610606
-0.006595782
-0.038083471
-0.043130677
0.0061943
0.020188827
0.020188827
0.0198447
0.033495102
-0.025236035
0.017321097
-0.027530218
0.055978112
0.005534721
-0.045424864
-0.027186092
0.06653136
0.014625429
-0.010037059
0.026841965
0.057125203
0.012101825
-0.03188917
-0.007284037
-0.072496243
-0.057125203
0.025694869
-0.003168843
-0.005420012
0.071119733
-0.002208153
0.030283241
0.005104561
0.025236035
0.007800229
0.003154504
0.029250858
0.015256329
0.076625779
0.036248121
-0.039001144
-0.020991793
-0.066990204
-0.0198447
-0.043360095
-0.020532954
-0.031200916
-0.012847435
-0.018353479
0.012560663
0.000792211
-0.013248918
-0.000106196
-0.027989056
-0.017435806
0.034183353
0.034871612
-0.024433069
0.002365878
-0.038083471
-0.002968102
-0.014682784
-0.005821494
-0.04863672
-0.018468188
-0.01227389
0.037624635
0.02431836
0.013420982
0.050701484
-0.023171267
0.015715167
0.006136945
0.039918818
-0.017206386
0.040836491
-0.008029647
-0.032806844
0.018927027
-0.011585633
-0.015026911
-0.021106502
0.016976969
0.052995671
-0.017894642
-0.032577425
-0.043360095
-0.020188827
-0.037165795
-0.000953521
-0.014912201
-0.038771722
-0.022827141
0.044966027
0.025236035
0.007456101
-0.011585633
0.050701484
0.049783815
-0.023974232
0.013134209
-0.030512659
-0.025694869
0.037854053
0.029250858
-0.024203651
-0.02592429
-0.013707755
-0.035789285
0.023171267
0.009807641
0.002738683
0.020303538
-0.010037059
0.054601602
0.019385861
-0.050930902
0.007742874
-0.031659752
-0.016059294
-0.025006616
0.007083296
-0.002953763
0.007742874
0.013420982
-0.013593046
0.043360095
0.01686226
0.024891907
0.092226237
0.013019499
-0.013535691
-0.009692931
-0.053913347
-0.000763533
-0.018697606
0.004731757
-0.010094414
-0.008832612
0.043130677
-0.005706785
0.027874347
0.011241507
0.048866138
-0.017435806
0.025350742
0.016288713
0.021680048
-0.05620753
0.011642988
0.008144356
-0.001978735
-0.015829876
0.008660548
0.032577425
-0.014912201
0.047489628
0.03647754
0.021106502
0.017665224
-0.00607959
0.047948465
-0.00106823
-0.012675371
-0.016403422
-0.061942995
0.070660897
-0.015256329
-0.028333183
0.024088942
-0.056436948
-0.001950057
0.011700342
-0.002265508
-0.044507187
0.035789285
0.032118589
0.01823877
0.032577425
-0.020877082
0.055978112
-0.010840024
0.005104561
-0.013937173
-0.000457045
-0.058731135
-0.049554396
-0.007628165
0.003928792
0.017550515
-0.033036262
0.027186092
-0.01152828
0.042671841
0.043589514
-0.042901259
-0.004043501
0.025006616
0.017206386
-0.029136149
-0.062860668
0.041295327
-0.01141357
-0.031200916
0.006968587
0.014797494
-0.060107645
0.008947321
0.03510103
-0.020418245
-0.035789285
0.021909466
-0.011470925
-0.00372805
0.042442422
-0.001441035
0.044277769
0.040148236
-0.012216534
0.006423717
-0.019729991
0.014396011
0.016059294
0.03326568
0.020647664
-0.04404835
0.047030788
0.00650975
-0.094061576
-0.010209123
0.041983586
0.022368303
0.017435806
0.015829876
0.038542304
0.010897378
-0.049783815
0.074331589
-0.021909466
0.016403422
0.017321097
0.0061943
-0.058501717
-0.039001144
0.000989367
0.073872752
-0.036248121
0.010897378
-0.05047207
0.032348007
0.002810377
-0.003269213
-0.041295327
-0.060107645
0.063319504
-0.026841965
0.010094414
0.004531015
-0.050930902
0.040377654
0.024891907
0.079837635
-0.025236035
-0.036018703
0.039918818
-0.002652651
-0.00521927
-0.02294185
0.038542304
-0.001032383
0.016403422
0.006280331
-0.057125203
-0.032118589
0.003785405
-0.029136149
0.026038999
-0.007341392
-0.036706958
-0.030053822
-0.01141357
-0.020991793
-0.035789285
0.006538427
-0.001046722
0.013248918
-0.026268417
-0.038083471
0.04863672
0.007456101
-0.000064972
-0.004846465
-0.023400685
0.017894642
0.040148236
-0.018009352
-0.020991793
-0.01451072
0.025121326
0.037395213
0.046342533
0.008488485
0.042442422
-0.017321097
-0.069743223
0.023744814
0.013707755
0.02902144
0.003498632
0.017550515
0.017779933
0.068366706
0.004731757
-0.040377654
-0.006681814
-0.012044471
-0.055289853
0.017550515
0.044277769
0.011012088
0.009979704
0.006710491
-0.002537942
-0.003283552
-0.05620753
0.013076854
-0.045424864
0.017206386
-0.019385861
-0.003054134
0.02431836
0.002308524
0.038771722
0.031430334
0.008545838
-0.017206386
0.019271152
-0.027874347
-0.026956674
0.027300801
-0.011987116
0.032348007
0.015026911
-0.037395213
0.025121326
0.026956674
-0.040377654
0.062401831
0.00009813
0.015256329
-0.004301596
0.00906203
-0.062860668
-0.019959409
-0.003756728
-0.020303538
0.061942995
-0.045424864
0.035330448
-0.048407301
0.005391335
0.012618017
0.02592429
0.055289853
0.021565339
-0.010782669
-0.043360095
0.01514162
0.002910747
0.014051883
0.027874347
-0.001548575
-0.020762373
-0.049554396
-0.019729991
-0.043589514
0.006968587
0.024433069
-0.027530218
-0.019156445
0.022712432
0.072037406
0.040148236
0.006165622
0.044277769
-0.02294185
-0.037165795
0.027071383
0.040607076
-0.064237177
-0.025465451
-0.039918818
0.010553251
-0.021680048
0.061484154
-0.037624635
0.012388599
0.041524746
0.074331589
0.010209123
-0.082590654
0.014912201
-0.004387629
