voyage-4:8165ce03980d59194d06c98167cd98b57e60aa7ae5b9018a5b69994e4ed5f0f6
0.01472789
0.001908615
-0.024887132
0.004929335
-0.03895377
0.007544287
-0.004598709
0.014667777
-0.027772596
-0.026690545
-0.015208802
-0.066846594
-0.029455781
0.003261176
0.022242121
-0.031259198
0.031259198
-0.004328196
0.02236235
0.011241288
0.003787172
0.011902541
-0.00673275
-0.01472789
0.024766905
-0.037751492
0.023805082
0.012684021
0.030778289
0.023083717
-0.005530474
0.018515063
-0.011361516
0.021160072
-0.006011385
-0.021160072
-0.033423297
-0.015990283
-0.033904206
0.046407886
0.009257532
0.001142163
0.007153547
0.017192559
-0.030417604
-0.0290951
-0.018995974
-0.054342914
0.016952103
0.025848953
0.012022769
0.002494724
-0.004538595
0.025368042
-0.043762878
0.010580036
-0.011662086
-0.013766071
-0.033182841
-0.003621859
0.001051992
0.032221019
-0.009497987
0.057709288
-0.008115369
0.02500736
-0.006552408
-0.04929335
0.003576774
-0.0425606
-0.039194226
0.002870436
-0.016471192
0.053862002
-0.0425606
0.02500736
0.028614189
-0.011722199
0.027171457
-0.0425606
0.019116202
0.029335555
0.008536166
-0.062518395
-0.008776621
0.019957796
0.020558935
-0.027892822
-0.046407886
-0.000882922
-0.021881439
0.035587396
-0.005861099
-0.004869221
-0.037991948
0.074541166
-0.037991948
0.018875746
-0.024285993
-0.000939279
-0.036549218
0.013766071
0.002239241
0.04424379
0.036308762
-0.003937457
-0.030658059
-0.012443566
-0.044965152
-0.0425606
0.00371203
0.040877413
-0.016350966
-0.015990283
0.059392475
0.010519923
0.031018743
-0.038713317
-0.004598709
0.020919617
-0.012924477
0.006822921
0.048571985
-0.053621549
-0.006852978
0.017793698
0.019116202
0.051216993
-0.079831183
0.038472861
-0.020799389
0.003787172
-0.011000833
0.003802201
-0.02236235
0.011361516
0.045926973
0.00937776
-0.032461476
0.054102458
-0.036308762
0.013225045
-0.0212803
0.023203943
-0.014307095
0.011301403
0.019957796
-0.015990283
-0.013886298
-0.035587396
0.0403965
-0.039915591
-0.048331529
-0.043041512
-0.010940719
0.009137304
-0.032461476
-0.001247362
-0.00371203
0.065884769
-0.011842427
-0.015268916
0.028614189
-0.013705956
0.017312786
-0.003727058
0.006582466
0.018274609
-0.036549218
-0.005800986
0.004989449
0.01875552
0.008355824
-0.008415937
0.056987926
-0.019236431
-0.050736085
-0.009978898
-0.001713244
-0.048571985
-0.011121061
0.011121061
-0.008536166
-0.000514725
0.015028461
0.026931001
0.032942384
-0.028493963
-0.03534694
-0.011962654
-0.025608497
-0.010760378
-0.061316118
-0.033182841
-0.00937776
-0.052178815
-0.00859628
-0.035827849
0.005861099
-0.022602806
-0.010580036
-0.00136759
0.012744135
0.048812442
-0.025608497
-0.03895377
0.032942384
0.041117869
0.029816467
-0.010880605
-0.034625571
0.004839165
-0.004899278
-0.021160072
0.00429814
0.000004696
-0.03751104
-0.081754826
0.000725123
0.003155977
-0.029696237
0.011722199
0.011662086
0.006432181
0.007273775
-0.051457446
-0.003847286
0.006342011
0.018515063
0.01064015
-0.0403965
0.00438831
-0.005019506
0.006702694
-0.007874914
0.028133279
0.065403864
-0.016952103
0.003035749
-0.005440303
0.036789671
0.005229904
-0.021881439
-0.051697906
0.031259198
-0.039434683
0.031980567
-0.025848953
0.023805082
-0.003772144
0.011301403
0.003847286
0.019476885
-0.030297378
-0.004358253
-0.004057684
-0.025127586
0.018034153
0.045446064
-0.010459809
-0.038713317
-0.04424379
-0.027532142
0.046648342
0.017433014
0.016711649
0.050255172
0.005981327
0.015028461
-0.085602112
0.023805082
-0.004959392
-0.047850616
-0.023684854
0.063961133
0.049052898
-0.030056922
-0.028854644
0.029816467
-0.025247816
0.040877413
-0.025368042
-0.002660037
-0.039194226
-0.015870055
0.053862002
-0.037751492
0.014607664
0.004899278
-0.001089563
-0.01472789
0.000556053
0.000291176
-0.001668159
-0.002329411
-0.037991948
-0.042320143
-0.006071498
-0.010039012
0.006822921
0.002359468
-0.048571985
0.012383453
0.011361516
-0.007303832
0.04424379
0.020078024
0.03895377
-0.010039012
0.01454755
0.021761211
0.036789671
-0.009798557
0.056987926
-0.02645009
-0.005921213
0.014307095
-0.00595127
-0.022602806
-0.038232405
0.035587396
-0.006071498
0.019597113
-0.020919617
0.026329864
0.003877343
-0.066365682
-0.040636957
0.021520756
-0.041117869
-0.012383453
0.000574839
-0.003456546
-0.078388453
-0.011481743
0.01220311
-0.017312786
0.015990283
-0.034866028
-0.020318478
0.003201062
0.042079691
0.04424379
-0.034625571
0.032221019
-0.006762807
-0.010760378
-0.008656393
-0.000222609
-0.019236431
0.006612523
0.033904206
-0.014246982
-0.01298459
0.063961133
-0.039675139
0.011121061
0.039434683
0.01250368
0.029335555
0.022121895
0.02019825
0.027772596
-0.052178815
-0.023083717
0.01659142
-0.005500417
0.04953381
-0.002194155
0.014066639
-0.007424059
0.022242121
0.01064015
-0.019356659
-0.001330019
-0.048331529
0.003276204
-0.006702694
-0.021761211
-0.0134655
-0.026329864
0.002795294
-0.018154381
0.009317646
0.00907719
-0.006492295
0.028854644
0.010820492
-0.046648342
-0.035827849
0.007634458
-0.03895377
-0.017913925
0.039915591
-0.029335555
0.031018743
0.023925308
0.012082882
-0.011722199
0.00151036
-0.031499654
0.015329029
0.050014719
0.031259198
0.031018743
-0.010279467
0.005350132
-0.005229904
0.034866028
-0.044724699
0.096663058
-0.033423297
-0.011301403
0.013345272
-0.001683188
-0.047369707
0.001059506
0.076945722
-0.00507962
0.033182841
-0.041598778
-0.024766905
-0.036068305
-0.03534694
-0.025368042
0.028133279
-0.01659142
-0.03534694
0.021881439
0.033423297
0.04424379
-0.01220311
-0.014006526
-0.012623908
-0.002900493
-0.024646675
-0.007454117
0.015629599
-0.023083717
0.044003334
-0.039915591
-0.031499654
0.057468835
-0.028253507
-0.051216993
0.035106484
-0.044724699
0.026209634
0.001202277
0.044003334
0.00937776
0.043522421
-0.015329029
0.007544287
0.004568652
-0.015329029
-0.019597113
-0.030056922
-0.027051229
-0.013585729
-0.018995974
-0.013585729
-0.016471192
-0.023203943
0.072136611
0.012623908
-0.013886298
-0.031259198
-0.021400528
0.03534694
-0.005500417
-0.073098436
0.025247816
0.04953381
0.011181175
0.028253507
0.055304736
-0.004598709
-0.023083717
-0.020919617
-0.019116202
-0.015268916
-0.006041441
0.021761211
-0.073098436
-0.036549218
-0.001983757
0.044965152
-0.026690545
-0.020679161
-0.024766905
0.001457761
-0.010940719
-0.060113844
0.025848953
0.028373733
0.004598709
0.048571985
-0.003441518
-0.040636957
-0.065884769
-0.003772144
-0.013285159
0.007634458
-0.030778289
-0.007123491
0.030177148
-0.053862002
-0.005019506
0.028854644
-0.088968486
-0.007604401
0.01659142
0.014246982
-0.005290018
-0.021881439
-0.020438707
-0.03174011
0.064922951
0.024285993
-0.054342914
0.049052898
-0.022963487
-0.087525755
0.002584895
0.01611051
-0.025127586
0.024646675
-0.021039845
-0.033182841
0.005440303
0.029335555
-0.016230738
0.050736085
0.031499654
0.063480221
-0.072136611
-0.021640984
-0.01064015
-0.050736085
-0.00547036
0.056026105
0.022963487
0.031499654
0.005139734
-0.031018743
0.015990283
0.041598778
-0.042320143
-0.035827849
-0.019236431
-0.046648342
0.012443566
0.006311954
-0.002269298
-0.048331529
0.021400528
0.034385119
-0.018154381
-0.066365682
-0.011662086
-0.052419268
0.067327499
0.018875746
0.034625571
0.032221019
-0.010580036
0.032942384
-0.034625571
0.027411912
-0.011000833
0.051457446
0.023564627
0.050014719
-0.041598778
-0.051697906
0.029215328
-0.024526449
0.006131612
0.047610164
-0.020558935
-0.009618215
0.00332129
0.007003263
-0.028013052
-0.027652368
0.036549218
-0.058911562
0.034625571
0.028974874
-0.023324171
-0.009257532
-0.034625571
-0.019356659
-0.016230738
0.018034153
-0.047850616
-0.011361516
0.031018743
0.029696237
0.014908234
-0.042801056
-0.020799389
0.08848758
0.072617523
-0.033904206
0.060594756
0.007243718
-0.009017076
-0.013525615
0.083197556
-0.014307095
-0.043281969
0.025127586
0.045926973
-0.048091076
0.006432181
-0.014246982
-0.041839235
0.037751492
-0.044484243
0.02284326
0.001457761
-0.036789671
-0.050014719
0.010219353
-0.029936694
0.037991948
0.002629981
0.023684854
0.001983757
0.014126753
-0.000683795
0.07069388
-0.00111962
-0.043281969
-0.017312786
0.069732055
0.025127586
0.018875746
0.020438707
0.047610164
-0.01875552
0.011301403
-0.022723032
-0.005680758
0.016471192
0.011662086
-0.018515063
-0.02236235
0.042801056
-0.004358253
0.039675139
-0.037270583
-0.003306261
0.019356659
0.002299354
0.004238026
-0.02500736
0.031499654
-0.008055255
-0.045926973
-0.01454755
-0.024045538
-0.082716644
-0.022963487
0.002434611
-0.030537833
-0.024285993
0.020919617
0.003246147
0.006822921
0.03174011
-0.064922951
-0.004418368
0.001209791
0.023684854
0.038232405
-0.020438707
-0.075022079
-0.075983897
-0.006582466
0.022723032
-0.005891157
0.008896849
-0.009738442
-0.024887132
-0.034866028
0.048571985
-0.010940719
0.005770929
-0.001765844
-0.029696237
0.009738442
0.037030127
-0.041117869
-0.03174011
-0.02500736
-0.018034153
0.051457446
0.018274609
0.004628766
-0.050976541
0.042079691
0.037270583
0.02284326
0.032701932
0.024526449
-0.002840379
-0.056747466
-0.03534694
-0.027892822
-0.015509372
0.023684854
0.01611051
0.033182841
0.071174793
-0.011842427
0.033423297
0.025247816
0.004568652
-0.00002219
-0.047850616
-0.045926973
0.009858671
0.043522421
-0.004087741
-0.021761211
0.03895377
-0.01142163
0.007754686
-0.011301403
0.001998785
0.041117869
0.028133279
0.059632935
0.015028461
-0.034866028
-0.000777723
-0.0403965
-0.048331529
-0.032221019
-0.002554838
-0.004418368
-0.037270583
-0.029335555
-0.032942384
0.042801056
0.029215328
0.052178815
0.047850616
-0.005380189
-0.01298459
0.030417604
-0.03534694
-0.026931001
-0.031018743
-0.001157191
0.006913092
0.026329864
0.056747466
0.04953381
-0.043522421
-0.013525615
0.022482576
-0.062999308
0.020438707
0.023083717
-0.04424379
-0.02019825
-0.071655698
-0.003306261
-0.013104817
0.031018743
-0.012864362
0.03366375
-0.025608497
0.058430657
0.007814799
0.018995974
0.032221019
0.046167433
0.01611051
0.023684854
0.016471192
0.004779051
-0.064442039
-0.000822808
-0.008716507
-0.059152022
0.015990283
-0.07790754
-0.031259198
-0.039915591
0.028493963
-0.015509372
0.011782314
0.015148689
0.01454755
-0.008896849
0.022121895
-0.02019825
0.004147855
0.019356659
-0.028373733
0.027772596
-0.051697906
-0.008355824
0.003967514
0.004538595
-0.014307095
-0.007484173
0.020919617
-0.028854644
0.008536166
-0.008836735
-0.027772596
0.006672636
0.038713317
-0.000514725
-0.015629599
-0.066846594
-0.020558935
-0.021520756
-0.011121061
0.016831875
-0.007935028
-0.052178815
0.023925308
0.002945578
-0.00312592
-0.054823823
-0.028734418
0.00859628
-0.033423297
0.039194226
0.046648342
0.015208802
0.00859628
-0.003005692
0.001262391
0.039915591
-0.002750208
0.028253507
0.010940719
0.016230738
-0.054823823
0.030056922
0.035587396
-0.068289325
0.034866028
0.032701932
-0.001480303
0.003231119
0.020318478
-0.011601971
0.006973206
-0.030778289
0.041358322
0.039915591
0.019236431
0.018635292
0.002629981
-0.011722199
-0.029455781
0.004538595
0.030537833
-0.013285159
0.027051229
-0.009678329
0.013044704
0.0134655
0.015749827
-0.00937776
-0.032221019
0.078869365
0.00751423
0.034144662
-0.03751104
-0.046648342
0.041598778
0.024646675
0.082716644
0.008055255
0.011541858
0.058430657
0.029696237
-0.022001667
0.02236235
0.006852978
0.038713317
0.018875746
0.004779051
-0.047369707
-0.032461476
0.000037102
-0.043041512
0.012864362
0.026209634
-0.024165764
-0.014367209
0.03534694
-0.009678329
-0.008175483
0.023925308
-0.03366375
-0.021881439
-0.011842427
-0.015148689
0.034866028
0.053621549
-0.031018743
-0.004869221
-0.050495632
0.000619924
-0.000653738
-0.048331529
0.003441518
0.02500736
0.005199847
0.01220311
0.051216993
0.053621549
0.044965152
-0.018995974
-0.017553242
-0.030297378
0.009738442
0.055545192
-0.029936694
0.047610164
0.028133279
0.010279467
-0.026089408
-0.019717341
-0.008716507
-0.010580036
-0.029576011
0.000864136
0.015629599
-0.004929335
0.033904206
-0.029936694
0.053381089
0.050014719
-0.03895377
0.042320143
-0.048091076
0.064922951
0.003276204
0.022121895
0.064442039
0.023805082
0.010219353
0.0290951
0.033182841
-0.018274609
0.022602806
-0.013946411
-0.040877413
-0.017793698
-0.018154381
-0.015629599
0.028013052
-0.039675139
0.019116202
0.002795294
-0.071174793
0.039194226
-0.042079691
0.057709288
0.005650701
0.055785645
-0.036068305
0.008656393
0.011000833
0.007273775
0.026209634
-0.083678469
-0.008175483
-0.074060254
-0.015990283
0.032461476
0.015329029
0.037030127
-0.016952103
0.009558101
-0.020919617
-0.007363945
-0.057709288
-0.013164932
-0.031980567
0.005770929
-0.041358322
-0.021160072
0.005710815
-0.020318478
0.017433014
0.008536166
-0.004448425
0.000623681
0.015208802
0.034866028
0.016831875
-0.007063377
0.023083717
0.028734418
-0.032461476
0.009858671
0.028373733
-0.03751104
0.033423297
-0.006161669
0.004328196
0.034866028
0.002990664
-0.032701932
0.081273913
0.041358322
0.042079691
0.03751104
-0.023203943
0.010940719
-0.000710095
